    unsorted:	 91.21536748 95.38815109 101.6647246 111.2699982 117.1364962 82.01325813 130.1269936 72.72675167 69.16126707 141.2992868 56.63035322 51.11723329 40.75069576 164.4349210 168.0887243 192.1443757 207.0422413 13.18585524 12.00659867 239.2566409 303.0406262 284.5516710 278.9693942 297.5805926 318.5429684 345.1851967 442.2016334 447.5828248 451.0490602 437.0478918 456.3827370 429.5152149 422.6188723 386.6448145 470.3035913 501.0683217 509.2827931 531.5915241 549.5737821 559.6350209 595.0163841 625.8599353 714.2588618 1019.526544 1699.907407 2654.806917 3430.373768 3742.046537 3972.261774 5017.398879 6398.132543 7437.799771 7956.714381 8626.674918 9403.749683 10174.61128 10391.03599 11246.62406 11822.47177 12748.89884 12471.12072 12877.36198 13802.79001 14525.21253 15050.83213 15633.00522 16666.10530 16891.34428 17404.89093 18918.82971 19510.39023 20364.78121 21283.41235 22075.58523 22882.09558 24617.96516 25006.28210 25884.91053 27677.51575 29537.44213 30866.56183 31392.34265 32096.31018 39440.50231 42373.36840 44675.24188 51755.18361 53980.91631 55806.63614 61118.36826 67361.54358 107053.1744 191493.6197 402823.6045 1329556.284
      sorted:	 12.00659867 13.18585524 40.75069576 51.11723329 56.63035322 69.16126707 72.72675167 82.01325813 91.21536748 95.38815109 101.6647246 111.2699982 117.1364962 130.1269936 141.2992868 164.4349210 168.0887243 192.1443757 207.0422413 239.2566409 278.9693942 284.5516710 297.5805926 303.0406262 318.5429684 345.1851967 386.6448145 422.6188723 429.5152149 437.0478918 442.2016334 447.5828248 451.0490602 456.3827370 470.3035913 501.0683217 509.2827931 531.5915241 549.5737821 559.6350209 595.0163841 625.8599353 714.2588618 1019.526544 1699.907407 2654.806917 3430.373768 3742.046537 3972.261774 5017.398879 6398.132543 7437.799771 7956.714381 8626.674918 9403.749683 10174.61128 10391.03599 11246.62406 11822.47177 12471.12072 12748.89884 12877.36198 13802.79001 14525.21253 15050.83213 15633.00522 16666.10530 16891.34428 17404.89093 18918.82971 19510.39023 20364.78121 21283.41235 22075.58523 22882.09558 24617.96516 25006.28210 25884.91053 27677.51575 29537.44213 30866.56183 31392.34265 32096.31018 39440.50231 42373.36840 44675.24188 51755.18361 53980.91631 55806.63614 61118.36826 67361.54358 107053.1744 191493.6197 402823.6045 1329556.284
