Predicted Abundance
 314742 206975 150045 51066.2 16981.4 9353.86
 43345.9 209830 100851 55079.3 16553.8 9126.54
 131587 31372.7 141717 63986.8 34000.2 16083.7
 385423 95715.6 21612.7 92950.1 41072.6 32494.1
 278633 276723 62610.6 12996.9 53869 43603.7
 213364 202474 189883 40794.2 8277.81 62950.5
 401173 155040 138916 123692 25975.5 46409.2
 265741 288444 101996 84339.6 72495.9 43622.4
 578730 194593 204052 69939.3 57046 79128.9
 790018 422428 135917 136964 46131.6 90978.7
 620909 576245 294227 90803.1 89843.1 91280.4
 837433 453067 401969 197064 59740.8 120583
 2.29839e+06 609304 312448 264111 126757 118013
 230737 1.65445e+06 402679 191154 156198 147957
 105084 154621 822848 152986 64523.3 110968
 155026 74946.8 98504 473379 84157.5 99981.9
 117032 109213 45467.6 52210 236460 95895.4
 193042 79789.9 58169.2 19375.6 20173.3 134501
 1.56786e+06 138717 52369.8 35179.1 11304.3 93533.5
 578700 1.13271e+06 93012.4 32826.5 21408 65748.4
 108129 422423 791294 62449.1 21659.2 58406.9
 415997 73968.7 228026 344862 24776 34487.3
 568050 284357 39807 98871.6 135999 25075.4
 914732 403624 178478 22336.7 52815.7 87517.6
 138886 659883 269059 110782 13436.8 86489.9
 143358 98900.3 417792 153189 60200.6 56877.7
 166837 99060.6 55565.4 194706 65765.5 53030.9
 130403 112205 49978.8 21623.1 67604.8 44270.7
 500291 88125.2 57704.7 20083.3 7796.9 42923.7
 490371 368429 63761.7 41090.5 14201.1 36110.9
 73336.6 359028 260478 43677.6 27759.8 34396.5
 129520 44341.3 118673 49897.2 6584.74 11163.4
 150006 86190 21449.7 43037.3 15945.2 6265.87
 280084 110263 61899.5 15084.8 29988.9 15542.5
 261244 176841 43287.8 15820.1 3193.08 10651.2
 159206 192996 129564 31478.7 11466.5 10064.3
 690465 98086 68736.3 28126.4 5498.46 4331.99
 769442 509582 71582 49656.8 20228.9 7089.25
 337364 481910 193745 17337.8 9867.07 5938.63
 808638 249026 351930 140125 12486.3 11409.3
Three Plus Abundance By Year
 227446 181610 255788 188129 173080 301905 334993 302454 410166 409991 566154 779357 821329 897988 1.15133e+06 756022 430033 232219 192387 212995 933809 632151 299753 341148 479768 688059 369067 183477 128509 155164 366312 186319 86698.1 122516 72952.2 182574 106693 148557 226889 515952
Instantaneous F Matrix
 0.105459 0.418956 0.70216 0.826507 0.801623 0.687872
 0.0232744 0.0924618 0.154964 0.182406 0.176915 0.15181
 0.0182892 0.0726571 0.121771 0.143336 0.139021 0.119294
 0.0313258 0.124447 0.208571 0.245507 0.238115 0.204327
 0.0192839 0.0766088 0.128394 0.151132 0.146582 0.125782
 0.0193164 0.076738 0.128611 0.151387 0.146829 0.125994
 0.0298915 0.118749 0.199021 0.234266 0.227213 0.194971
 0.0116105 0.0461249 0.0773041 0.090994 0.0882545 0.0757311
 0.0148177 0.0588661 0.0986581 0.11613 0.112633 0.0966505
 0.0155225 0.061666 0.103351 0.121653 0.117991 0.101248
 0.0151429 0.060158 0.100823 0.118678 0.115105 0.0987716
 0.0180238 0.071603 0.120005 0.141257 0.137004 0.117563
 0.0287406 0.114177 0.191358 0.225246 0.218464 0.187464
 0.100298 0.39845 0.667793 0.786053 0.762388 0.654204
 0.03798 0.150882 0.252875 0.297657 0.288696 0.24773
 0.0502879 0.199778 0.334823 0.394117 0.382251 0.328009
 0.0830542 0.329948 0.552984 0.650913 0.631316 0.541732
 0.0304747 0.121066 0.202904 0.238837 0.231646 0.198775
 0.0250965 0.0997002 0.167095 0.196686 0.190765 0.163695
 0.0147761 0.0587009 0.0983812 0.115804 0.112317 0.0963793
 0.0796811 0.316548 0.530526 0.624478 0.605677 0.519731
 0.0804488 0.319598 0.535638 0.630494 0.611512 0.524738
 0.0417258 0.165763 0.277815 0.327014 0.317168 0.272162
 0.0265695 0.105552 0.176903 0.208231 0.201962 0.173303
 0.0395397 0.157079 0.26326 0.309881 0.300551 0.257903
 0.0696135 0.276552 0.463495 0.545576 0.52915 0.454063
 0.0966937 0.384134 0.643798 0.757809 0.734994 0.630698
 0.091874 0.364986 0.611708 0.720036 0.698358 0.599261
 0.0059419 0.0236053 0.0395619 0.0465679 0.0451659 0.0387568
 0.0117627 0.0467296 0.0783176 0.092187 0.0894115 0.076724
 0.203144 0.807025 1.35255 1.59208 1.54415 1.32503
 0.107284 0.426205 0.714308 0.840806 0.815492 0.699773
 0.00781406 0.0310428 0.0520269 0.0612404 0.0593967 0.0509683
 0.15984 0.634993 1.06423 1.2527 1.21498 1.04258
 0.00278775 0.0110749 0.0185612 0.0218482 0.0211904 0.0181835
 0.184357 0.732391 1.22747 1.44484 1.40134 1.20249
 0.00377596 0.0150007 0.0251408 0.029593 0.028702 0.0246292
 0.167908 0.667047 1.11795 1.31593 1.27632 1.09521
 0.00360533 0.0143228 0.0240047 0.0282558 0.0274051 0.0235163
Observed Total Kill By Year
 1.05821e+06 354636 312142 547850 586540 354146 278479 89633 181090 448821 522028 498889 660214 652938 550571 498001 116424 68280 105321 101441 317163 176644 96560 81674 115379 197408 73594 12936 7586 20767 12246 9111 4556 13028 2777 1217 5212 12352 9576
Predicted Total Kill By Year
 193326 40879.3 30845.3 53883.4 41219.1 48744.2 81195.8 34873.1 51806.2 69566.7 86318.7 120140 245891 893146 251532 224969 205905 50422.4 71392.9 81068.4 446944 292033 127562 104984 187841 260754 206964 117006 8773.16 30155.8 432582 111312 7504.4 154594 3518.87 228427 5920.51 413387 11711.9
Total Kill By Year Log Residuals
 1.69995 2.16047 2.31447 2.31918 2.65534 1.98312 1.23248 0.944008 1.25148 1.86434 1.79967 1.42373 0.987674 -0.313268 0.783386 0.794637 -0.570177 0.303181 0.388814 0.224184 -0.343017 -0.50273 -0.278441 -0.251077 -0.487375 -0.278304 -1.03398 -2.20221 -0.145392 -0.373012 -3.56457 -2.50286 -0.499045 -2.4737 -0.236768 -5.23483 -0.127459 -3.51057 -0.201344
Observed Kill By Year and Age
 5 220021 401849 214656 126476 95202
 355 10583 105892 115530 74379 47897
 269 2060 77458 109856 82553 39946
 3435 123439 192745 139898 72059 16274
 1771 75597 54778 4657 399947 49790
 1008 24069 149378 118697 13151 47843
 1714 8412 77441 130897 32125 27890
 73 8325 12611 39357 22961 6306
 4995 6242 18789 89370 18155 43539
 2751 72164 93661 213255 14406 52584
 289 45686 62096 210280 83633 120044
 5 6177 101160 148115 101134 142298
 1038 11173 124628 148825 260700 113850
 5 53386 143672 186022 135072 134781
 419 6455 277997 203733 22830 39137
 3420 6693 22551 382132 63617 19588
 33 3209 9883 14816 71605 16878
 223 6025 14474 7112 5789 34657
 3856 8494 21955 7454 7020 56542
 168 5962 75713 6342 2251 11005
 2518 982 87606 196458 7036 22563
 185 23001 999 67619 73837 11003
 197 11186 42555 957 17689 23976
 506 4213 28673 24270 525 23487
 3789 4345 50098 33298 12248 11601
 222 9626 19650 121398 22560 23952
 441 9657 6488 3851 43088 10069
 389 773 2290 996 4750 3738
 1106 1521 382 593 143 3841
 5 4954 8765 1872 792 4379
 440 827 5999 2831 653 1496
 434 2252 2875 1908 1086 556
 707 929 348 74 1074 1424
 55 3021 3069 492 149 6242
 5 129 512 810 324 997
 93 299 238 187 124 276
 378 2811 1264 454 169 136
 38 3502 6268 894 671 979
 79 1167 6008 1510 511 301
Predicted Kill By Year and Age
 27287.7 61841.5 66537.3 25321.4 8250.35 4087.92
 862.021 16046.9 12556.1 7970.36 2329.21 1114.77
 2061.22 1902.91 14079.8 7408.45 3825.71 1567.22
 10277.3 9706.35 3533.44 17588.5 7563.39 5214.45
 4599.8 17664.7 6538.6 1580.92 6368.66 4466.42
 3528.19 12946 19861.5 4969.93 980.182 6458.39
 10214.4 15042.3 21766.5 22448.6 4587.03 7137.03
 2650.94 11246.1 6567.92 6351.9 5302.32 2753.89
 7356.77 9624.84 16602.7 6644.03 5264.61 6313.22
 10516.8 21858.9 11559.6 13595.1 4448.75 7587.6
 8064.92 29109.7 24440.4 8804.89 8463.58 7435.18
 12929.1 27095.5 39389.1 22506.9 6630.71 11588.7
 56297.2 56960.7 47237.6 46277.4 21608.4 17510
 19071.2 474409 172292 91651.6 73348.7 62373.2
 3386.61 18779 159841 34279.4 14079.2 21166.6
 6576.91 11783.8 24416.7 134522 23317.6 24352.9
 8074.97 26735.4 16915.3 21929.5 97130.5 35119.5
 5009.61 7883.91 9275.71 3577.6 3624.6 21051
 33592.1 11400.3 6991.3 5453.3 1704.2 12251.7
 7335.89 55872.6 7547.69 3110.14 1970.43 5231.61
 7168.95 99807.3 285173 25447.9 8629.02 20717.3
 27836.4 17621.1 82787 141523 9941.12 12324
 20076.9 37681.8 8399.82 24020.1 32187 5196.84
 20734.4 35022.9 25111.3 3646.42 8386.53 12082.9
 4656.35 83196.4 54156.2 25700.4 3036.08 17095.9
 8343.03 20786.3 135429 56406.6 21652.2 18136.6
 13316.6 27558.9 23153.2 91054.4 30112.7 21767.8
 9912.02 29913 20058.3 9759.81 29864.4 17498.3
 2560.98 1777.18 1935.7 790.383 297.807 1411.11
 4955.55 14548.8 4157.72 3133.49 1051.71 2308.5
 11706.8 175219 172353 31211.6 19567.7 22524
 11413.8 13434.9 53265.4 25023.6 3236.09 4938.48
 1008.93 2277.79 940.694 2212.07 795.583 269.337
 35887.3 45485.3 35946.4 9594.06 18763.9 8917.31
 628.361 1683.15 688.068 295.535 57.8721 165.887
 23263.8 88151.2 81515.1 21513.3 7721.56 6261.99
 2248.4 1262.15 1475.27 709.081 134.502 91.1068
 103181 217857 42767.6 32402.8 12992.9 4186.02
 1049.02 5922.8 3972.54 417.609 230.601 119.315
Kill Log Residuals by Year and Age
 -8.60475 1.26915 1.79831 2.13739 2.7298 3.14796
 -0.887161 -0.416265 2.13222 2.6738 3.46364 3.7604
 -2.03634 0.0793215 1.705 2.69655 3.0717 3.23822
 -1.09592 2.54297 3.9991 2.07367 2.25417 1.13814
 -0.954468 1.45385 2.12556 1.08036 4.13994 2.41123
 -1.25282 0.620134 2.0177 3.17317 2.59651 2.00254
 -1.78497 -0.581204 1.26914 1.76318 1.9464 1.36297
 -3.59221 -0.300759 0.652373 1.82392 1.46565 0.828486
 -0.387184 -0.433047 0.123707 2.59907 1.23794 1.93101
 -1.34101 1.19433 2.09217 2.75278 1.17502 1.9359
 -3.32885 0.45072 0.932442 3.17313 2.29067 2.78164
 -7.8578 -1.47854 0.943214 1.88417 2.72473 2.50789
 -3.99335 -1.62886 0.970144 1.16812 2.49029 1.87211
 -8.2465 -2.18452 -0.18166 0.70787 0.610584 0.770515
 -2.08971 -1.06789 0.553431 1.78227 0.48338 0.614643
 -0.653924 -0.565664 -0.0794871 1.04404 1.00367 -0.217734
 -5.50002 -2.12003 -0.537402 -0.392127 -0.30489 -0.732746
 -3.11194 -0.268907 0.444955 0.687092 0.468217 0.498552
 -2.16466 -0.294284 1.14433 0.312529 1.41567 1.52932
 -3.77657 -2.23767 2.30571 0.712526 0.133122 0.74363
 -1.04629 -4.62141 -1.18025 2.04381 -0.204092 0.085344
 -5.01374 0.266443 -4.41727 -0.738575 2.00518 -0.113381
 -4.62412 -1.21451 1.62259 -3.22284 -0.59862 1.529
 -3.71301 -2.11783 0.132637 1.8955 -2.77098 0.664655
 -0.206129 -2.95218 -0.0778912 0.258991 1.39479 -0.387748
 -3.6265 -0.769825 -1.93037 0.766489 0.0410713 0.278118
 -3.40772 -1.04864 -1.27218 -3.16312 0.358296 -0.770972
 -3.23792 -3.65577 -2.17009 -2.28228 -1.83852 -1.54355
 -0.83964 -0.155662 -1.6228 -0.287323 -0.7336 1.00136
 -6.89883 -1.07731 0.745799 -0.515139 -0.283615 0.640224
 -3.28115 -5.35599 -3.35795 -2.40016 -3.40006 -2.71179
 -3.26953 -1.78604 -2.91923 -2.57376 -1.09186 -2.18404
 -0.35561 -0.896853 -0.994416 -3.39762 0.300071 1.66526
 -6.48081 -2.7118 -2.46068 -2.97042 -4.83574 -0.356694
 -4.83368 -2.56861 -0.295564 1.00825 1.72251 1.79344
 -5.52205 -5.68637 -5.83627 -4.74532 -4.13149 -3.12185
 -1.78308 0.800725 -0.154562 -0.445873 0.228317 0.400622
 -7.90665 -4.1305 -1.92032 -3.59029 -2.96339 -1.45297
 -2.58616 -1.62437 0.413685 1.28532 0.795679 0.92534
Observed Kill Proportion by Age
 4.72496e-06 0.207918 0.379744 0.202848 0.119519 0.0899652
 0.00100103 0.0298419 0.298593 0.325771 0.209733 0.13506
 0.000861787 0.00659956 0.24815 0.351942 0.264473 0.127974
 0.00626996 0.225315 0.351821 0.255358 0.131531 0.0297052
 0.0030194 0.128886 0.0933918 0.00793978 0.681875 0.0848876
 0.00284628 0.0679635 0.421798 0.335164 0.0371344 0.135094
 0.00615486 0.0302069 0.278086 0.470043 0.115359 0.100151
 0.000814432 0.0928787 0.140696 0.439091 0.256167 0.0703536
 0.027583 0.034469 0.103755 0.493512 0.100254 0.240427
 0.00612939 0.160786 0.208682 0.475145 0.0320974 0.11716
 0.00055361 0.0875164 0.118951 0.402814 0.160208 0.229957
 1.00223e-05 0.0123815 0.202771 0.29689 0.202718 0.28523
 0.00157222 0.0169233 0.188769 0.225419 0.394872 0.172444
 7.65769e-06 0.0817627 0.220039 0.2849 0.206868 0.206422
 0.000761028 0.0117242 0.504925 0.370039 0.041466 0.0710844
 0.00686746 0.0134397 0.045283 0.767332 0.127745 0.0393333
 0.000283447 0.027563 0.084888 0.127259 0.615036 0.14497
 0.00326596 0.0882396 0.21198 0.104159 0.0847832 0.507572
 0.0366119 0.0806487 0.208458 0.0707741 0.0666534 0.536854
 0.00165614 0.0587731 0.746375 0.0625191 0.0221902 0.108487
 0.00793914 0.0030962 0.276218 0.619423 0.0221842 0.0711401
 0.0010473 0.130211 0.00565544 0.382798 0.417999 0.0622891
 0.00204018 0.115845 0.44071 0.00991094 0.183192 0.248302
 0.00619536 0.0515831 0.351066 0.297157 0.00642799 0.28757
 0.0328396 0.0376585 0.434204 0.288597 0.106154 0.100547
 0.00112457 0.048762 0.09954 0.61496 0.114281 0.121332
 0.00599234 0.13122 0.0881594 0.0523276 0.585483 0.136818
 0.0300711 0.0597557 0.177025 0.0769944 0.367192 0.288961
 0.145795 0.200501 0.0503559 0.0781703 0.0188505 0.506327
 0.000240767 0.238552 0.422064 0.090143 0.0381374 0.210863
 0.0359301 0.0675323 0.489874 0.231178 0.0533235 0.122162
 0.0476347 0.247174 0.315553 0.209417 0.119197 0.0610251
 0.15518 0.203907 0.0763828 0.0162423 0.235733 0.312555
 0.00422168 0.231885 0.23557 0.0377648 0.0114369 0.479122
 0.0018005 0.046453 0.184372 0.291682 0.116673 0.359021
 0.0764174 0.245686 0.195563 0.153657 0.10189 0.226787
 0.0725249 0.539332 0.242517 0.0871067 0.0324252 0.0260936
 0.00307642 0.283517 0.507448 0.0723769 0.0543232 0.0792584
 0.00824979 0.121867 0.627402 0.157686 0.0533626 0.0314327
Predicted Kill Proportion by Age
 0.141148 0.319882 0.344171 0.130978 0.0426758 0.0211452
 0.021087 0.392543 0.30715 0.194973 0.0569778 0.0272698
 0.0668244 0.0616921 0.456465 0.240181 0.124029 0.0508092
 0.190732 0.180136 0.0655756 0.326418 0.140366 0.0967728
 0.111594 0.428557 0.15863 0.0383541 0.154507 0.108358
 0.0723817 0.265592 0.407463 0.101959 0.0201087 0.132496
 0.125799 0.185259 0.268074 0.276475 0.0564934 0.0878989
 0.0760168 0.322487 0.188338 0.182143 0.152046 0.078969
 0.142006 0.185786 0.320477 0.128248 0.101621 0.121862
 0.151176 0.314215 0.166165 0.195425 0.0639494 0.109069
 0.0934319 0.337235 0.283142 0.102004 0.0980503 0.0861363
 0.107617 0.225533 0.32786 0.187339 0.0551915 0.0964599
 0.228952 0.23165 0.192107 0.188203 0.0878779 0.0712105
 0.0213529 0.531166 0.192905 0.102617 0.082124 0.0698355
 0.0134639 0.0746586 0.63547 0.136283 0.0559737 0.0841508
 0.0292347 0.0523796 0.108533 0.597955 0.103648 0.10825
 0.0392169 0.129843 0.0821508 0.106503 0.471724 0.170562
 0.0993529 0.156357 0.18396 0.0709525 0.0718846 0.417493
 0.470524 0.159685 0.097927 0.0763844 0.0238708 0.171609
 0.0904901 0.689204 0.0931027 0.0383644 0.0243058 0.0645333
 0.0160399 0.223311 0.638052 0.0569376 0.0193067 0.0463532
 0.0953193 0.0603393 0.283485 0.484614 0.0340411 0.0422008
 0.157389 0.295399 0.0658487 0.188301 0.252324 0.0407396
 0.1975 0.333601 0.239191 0.0347329 0.0798835 0.115092
 0.0247887 0.442908 0.288308 0.13682 0.016163 0.0910125
 0.0319958 0.0797161 0.519375 0.216321 0.083037 0.0695547
 0.0643428 0.133158 0.111871 0.439953 0.145498 0.105177
 0.0847139 0.255654 0.17143 0.083413 0.255239 0.149551
 0.291911 0.202571 0.220638 0.090091 0.0339452 0.160844
 0.164332 0.482455 0.137875 0.10391 0.034876 0.0765524
 0.0270627 0.405055 0.398428 0.0721518 0.0452346 0.0520687
 0.102538 0.120696 0.478522 0.224805 0.0290722 0.044366
 0.134444 0.303527 0.125352 0.29477 0.106015 0.0358906
 0.232139 0.294224 0.232521 0.0620597 0.121375 0.057682
 0.178569 0.47832 0.195537 0.0839857 0.0164462 0.0471422
 0.101843 0.385905 0.356854 0.0941803 0.0338032 0.0274135
 0.379764 0.213182 0.24918 0.119767 0.022718 0.0153883
 0.249598 0.527005 0.103457 0.0783837 0.0314304 0.0101262
 0.0895689 0.505708 0.339189 0.0356568 0.0196895 0.0101875
Kill Selectivities
 0.131557 0.522635 0.875923 1.03104 1 0.858099
Kill Gamma Selectivity Parameters (Shape, Scale, Location)
4 0.7 0
Observed Total Gill Net Catch By Year
 12.0001 8.0646 17.6252 20.469 12.5314 61.4376 49.6451 23.0314 27.3751 40.8065 105 77.9377 116.938 234.969 103.031 52.8751 42.9064 20.8439 44.0002 68.29 136.3 67 36.4 51.5313 93.4313 60.8 44.3999 19 18.6001 28.0999 43.9 20.375 20.4687 17.2499 12.7187 15.6465 46.5223 65.8589 34.0941 31.9062
Predicted Total Gill Net Catch By Year
 28.8316 19.6595 18.4388 24.4126 28.2473 30.0492 34.9866 35.5175 45.1578 60.4175 70.6225 82.4442 129.26 124.07 70.1079 49.2719 31.8659 21.1294 56.5577 73.8728 69.2641 48.2411 43.3044 58.7601 56.9514 44.607 29.0038 18.2188 23.4736 36.4448 36.3301 15.0967 12.2466 18.4287 18.003 21.8321 27.4665 49.0962 40.6872 58.4924
Total Gill Net Catch By Year Log Residuals
 -0.876557 -0.891078 -0.0451268 -0.176186 -0.81276 0.715188 0.349936 -0.433167 -0.50053 -0.392438 0.396613 -0.0562125 -0.100185 0.638605 0.384998 0.0705784 0.297485 -0.0136043 -0.251067 -0.0785815 0.676931 0.328481 -0.173685 -0.131274 0.495028 0.309699 0.42581 0.0419823 -0.23271 -0.260034 0.189268 0.299829 0.513652 -0.0661049 -0.347466 -0.333132 0.526966 0.293734 -0.176789 -0.606096
Observed Gill Net by Year and Age
 0.0313 5.25 4.7188 1.5 0.375 0.125
 0.0323 2.871 2.8387 1.7419 0.4194 0.1613
 0.0313 1.875 12.0313 1.9063 1.4063 0.375
 0.0313 1.5938 1.9063 11.1563 4.9688 0.8125
 0.3125 7.4375 1.25 0.0313 3.1563 0.3438
 0.0313 16.5 24.1875 15.9375 1.0313 3.75
 0.0323 6.1935 18 18.2903 4.4516 2.6774
 0.0313 13.5625 1.875 4.625 2.4688 0.4688
 0.1875 5.0938 8 9.2188 1.5625 3.3125
 0.9355 19.8387 6.8065 10 0.7097 2.5161
 0.7188 61.2813 14.4688 18.375 4.2813 5.875
 0.0313 4.2188 34.2188 27.4375 7.0938 4.9375
 0.0938 8.0625 66.5313 16.0625 19.9688 6.2188
 0.0313 95.4688 76.9688 31.4688 19.8438 11.1875
 2.3125 16.5625 66.4375 15 1.3125 1.4063
 4.2813 5.0625 6.5625 33.9688 2.375 0.625
 0.6563 12.2188 4.5313 4.25 18.0625 3.1875
 3.5625 8.2813 2.4063 1.1563 1 4.4375
 24.4063 5.375 3.1563 1.0313 0.9375 9.0938
 1.31 59.78 3.72 1.38 0.41 1.69
 2.5164 61.4913 69.9443 1.5092 0.1667 0.672
 15.0915 2.8147 23.2713 23.8015 0.7295 1.2915
 10.7391 12.4904 0.2766 6.2517 6.2294 0.4128
 4.2342 28.1221 12.7413 0.0313 3.7349 2.6675
 0.0313 52.8343 21.7544 12.3055 0.3264 6.1794
 8.0608 8.587 31.6479 8.4684 2.4017 1.6342
 10.439 11.5098 3.8573 14.1933 1.7618 2.6387
 4.6047 6.8066 0.9795 0.5386 4.8511 1.2195
 13.7073 2.4275 0.4509 0.3697 0.9159 0.7288
 8.8578 17.0956 0.9654 0.2388 0.0865 0.8558
 1.3758 29.9546 10.91 1.1522 0.134 0.3734
 8.0303 2.681 8.029 1.1483 0.1841 0.3023
 9.1083 7.1704 1.9189 1.0238 0.8461 0.4012
 11.5485 4.2323 0.5029 0.0674 0.5149 0.3839
 3.982 7.4815 0.8333 0.0313 0.0182 0.3724
 0.6392 11.0006 2.8636 0.8095 0.2055 0.1281
 35.5322 8.3829 2.0924 0.3119 0.06 0.1429
 42.138 20.0667 2.8612 0.6914 0.0469 0.0547
 8.8367 19.3563 5.6346 0.1266 0.136 0.0039
 15.3739 7.3906 7.7618 1.0067 0.2442 0.129
Predicted Gill Net by Year and Age
 8.05701 8.67574 7.72401 2.86969 0.976623 0.528525
 1.1096 8.79541 5.19159 3.09521 0.952031 0.515681
 3.36847 1.31505 7.29532 3.59577 1.9554 0.908785
 9.86634 4.0121 1.11258 5.22338 2.36213 1.83603
 7.13264 11.5994 3.22307 0.730367 3.09807 2.46376
 5.46184 8.48708 9.77479 2.29245 0.476067 3.55692
 10.2695 6.49879 7.15114 6.95095 1.49388 2.62228
 6.80262 12.0907 5.25054 4.73951 4.16933 2.46482
 14.8147 8.15674 10.5042 3.93028 3.28079 4.47106
 20.2235 17.7069 6.99674 7.69676 2.65309 5.14061
 15.8945 24.1544 15.1462 5.10273 5.16699 5.15766
 21.4372 18.9912 20.6926 11.0741 3.43577 6.81336
 58.8358 25.5402 16.0842 14.8419 7.28996 6.66813
 5.90656 69.3494 20.7291 10.742 8.98315 8.36007
 2.69001 6.48125 42.3586 8.59713 3.71082 6.27005
 3.96847 3.14154 5.07079 26.6018 4.84 5.64933
 2.99588 4.57789 2.34058 2.93397 13.5991 5.41842
 4.94163 3.34455 2.99444 1.08882 1.16019 7.59977
 40.1352 5.81458 2.6959 1.97691 0.650122 5.28497
 14.814 47.4798 4.7881 1.8447 1.2312 3.71501
 2.76796 17.7067 40.7342 3.50936 1.24565 3.30019
 10.649 3.10054 11.7383 19.3797 1.4249 1.94865
 14.5414 11.9194 2.04919 5.55614 7.82148 1.41685
 23.416 16.9187 9.1877 1.25522 3.0375 4.94505
 3.5553 27.6603 13.8506 6.22545 0.772768 4.88698
 3.66978 4.1456 21.5071 8.60853 3.46221 3.21379
 4.27082 4.15232 2.8604 10.9416 3.78226 2.99643
 3.33816 4.70327 2.57281 1.21512 3.88804 2.50145
 12.8068 3.69394 2.97052 1.12859 0.448409 2.42534
 12.5529 15.4434 3.28233 2.3091 0.816725 2.04039
 1.87732 15.0494 13.4089 2.45448 1.5965 1.94352
 3.31556 1.85865 6.10907 2.804 0.378697 0.630768
 3.83997 3.61282 1.10419 2.4185 0.917029 0.354044
 7.16981 4.62187 3.18646 0.847696 1.7247 0.878207
 6.68752 7.41264 2.22837 0.889017 0.183638 0.601829
 4.07548 8.08979 6.66971 1.76896 0.659454 0.568668
 17.675 4.11146 3.53841 1.58058 0.316223 0.244773
 19.6967 21.3601 3.6849 2.79049 1.16339 0.400567
 8.63609 20.2002 9.97361 0.974307 0.567467 0.335553
 20.7001 10.4384 18.1167 7.87442 0.718104 0.644665
Gill Net Log Residuals by Year and Age
 -5.55068 -0.502303 -0.492779 -0.64874 -0.957175 -1.44178
 -3.53669 -1.11957 -0.603694 -0.574879 -0.819772 -1.16222
 -4.67859 0.354736 0.500278 -0.634594 -0.329631 -0.885182
 -5.75327 -0.923195 0.538484 0.75886 0.743613 -0.815243
 -3.12783 -0.444416 -0.94719 -3.14993 0.0186196 -1.96938
 -5.16192 0.664815 0.906029 1.93905 0.773017 0.0528604
 -5.76187 -0.0481158 0.923099 0.967493 1.09189 0.0208023
 -5.38145 0.114873 -1.02972 -0.0244569 -0.524023 -1.6597
 -4.3696 -0.470821 -0.272334 0.852535 -0.741796 -0.299922
 -3.07352 0.113682 -0.0275662 0.261785 -1.31864 -0.714462
 -3.09614 0.931007 -0.0457572 1.28122 -0.188033 0.130223
 -6.52927 -1.50442 0.503 0.9073 0.72498 -0.322026
 -6.44134 -1.15303 1.41983 0.0790347 1.00767 -0.0697625
 -5.2402 0.319643 1.31186 1.07483 0.792541 0.29133
 -0.151217 0.938227 0.45009 0.556621 -1.03932 -1.49482
 0.075877 0.477147 0.257875 0.244464 -0.711918 -2.20154
 -1.51838 0.981737 0.660608 0.370563 0.283833 -0.530568
 -0.327233 0.906668 -0.218666 0.0601269 -0.148586 -0.538027
 -0.497413 -0.0786092 0.15767 -0.650714 0.366056 0.542726
 -2.42554 0.230366 -0.252409 -0.290234 -1.09959 -0.787654
 -0.0952808 1.24495 0.54063 -0.843854 -2.01122 -1.59148
 0.348666 -0.0967205 0.684361 0.205524 -0.669495 -0.411334
 -0.303105 0.0467963 -2.00263 0.117949 -0.227594 -1.23322
 -1.71022 0.508138 0.326983 -3.69145 0.206687 -0.617245
 -4.73258 0.647164 0.451485 0.681401 -0.861855 0.234647
 0.78688 0.728202 0.386289 -0.0164117 -0.365731 -0.676297
 0.893744 1.01953 0.299008 0.2602 -0.763985 -0.127136
 0.321658 0.369634 -0.965711 -0.813626 0.221301 -0.71843
 0.0679508 -0.419831 -1.88525 -1.11604 0.714201 -1.20233
 -0.348652 0.101638 -1.22377 -2.26899 -2.24516 -0.868859
 -0.310812 0.688348 -0.206239 -0.756244 -2.47773 -1.64961
 0.884596 0.366339 0.273285 -0.892764 -0.721257 -0.735518
 0.86372 0.685472 0.55264 -0.859627 -0.0805015 0.12504
 0.476677 -0.0880534 -1.84628 -2.53188 -1.20883 -0.8275
 -0.518459 0.00924729 -0.983633 -3.3465 -2.31155 -0.480004
 -1.85253 0.307347 -0.845497 -0.781731 -1.16597 -1.49049
 0.698286 0.712415 -0.525365 -1.62286 -1.6621 -0.538184
 0.760498 -0.0624627 -0.253002 -1.39525 -3.21108 -1.99102
 0.0229635 -0.0426732 -0.571017 -2.04069 -1.42853 -4.4548
 -0.297467 -0.345283 -0.847619 -2.05694 -1.07863 -1.60892
Observed Gill Net Proportion by Age
 0.00260831 0.437496 0.39323 0.124999 0.0312497 0.0104166
 0.00400516 0.356 0.351995 0.215993 0.0520051 0.020001
 0.00177587 0.106382 0.682619 0.108158 0.0797892 0.0212764
 0.00152914 0.0778641 0.0931311 0.545034 0.242748 0.0396942
 0.0249374 0.593509 0.0997494 0.00249773 0.251871 0.0274351
 0.00050946 0.268565 0.393692 0.25941 0.0167861 0.0610375
 0.000650618 0.124756 0.362574 0.368421 0.0896685 0.0539308
 0.00135901 0.58887 0.0814106 0.200813 0.107193 0.0203548
 0.00684929 0.186074 0.292236 0.336759 0.0570774 0.121004
 0.0229253 0.486165 0.166799 0.245059 0.0173918 0.0616593
 0.0068457 0.58363 0.137798 0.175 0.0407742 0.0559523
 0.000401603 0.0541304 0.439053 0.352044 0.0910189 0.0633519
 0.000802137 0.068947 0.568947 0.137359 0.170764 0.0531805
 0.000133209 0.406304 0.32757 0.133927 0.0844528 0.0476127
 0.0224446 0.160752 0.644828 0.145587 0.0127388 0.0136493
 0.0809701 0.0957445 0.124113 0.642435 0.0449172 0.0118203
 0.0152961 0.284778 0.105609 0.0990528 0.420974 0.0742896
 0.170913 0.397301 0.115444 0.0554743 0.0479757 0.212892
 0.554686 0.122159 0.0717338 0.0234385 0.0213067 0.206676
 0.0191829 0.875384 0.0544736 0.0202079 0.00600381 0.0247474
 0.0184622 0.451147 0.513165 0.0110726 0.00122304 0.0049303
 0.225246 0.0420104 0.347333 0.355246 0.0108881 0.0192761
 0.29503 0.343143 0.0075989 0.17175 0.171137 0.0113407
 0.0821675 0.545729 0.247254 0.000607398 0.0724783 0.0517647
 0.000335006 0.565488 0.232838 0.131706 0.00349348 0.0661384
 0.132579 0.141234 0.520525 0.139283 0.0395016 0.0268783
 0.235113 0.25923 0.0868763 0.31967 0.0396803 0.0594303
 0.242353 0.358242 0.0515526 0.0283474 0.255321 0.0641842
 0.736948 0.13051 0.0242418 0.0198762 0.0492417 0.0391826
 0.315225 0.608387 0.034356 0.00849825 0.0030783 0.0304556
 0.0313394 0.682337 0.248519 0.026246 0.00305239 0.00850569
 0.394125 0.131583 0.394061 0.0563583 0.00903558 0.0148368
 0.444987 0.35031 0.093748 0.0500178 0.0413363 0.0196007
 0.669482 0.245352 0.0291538 0.00390727 0.0298494 0.0222552
 0.313082 0.588228 0.0655177 0.00246094 0.00143096 0.0292797
 0.0408526 0.703071 0.183019 0.0517368 0.0131339 0.00818713
 0.763767 0.180191 0.0449763 0.00670431 0.0012897 0.00307165
 0.639822 0.304692 0.0434444 0.0104982 0.000712129 0.000830564
 0.259186 0.567732 0.165266 0.00371325 0.00398896 0.000114389
 0.481847 0.231635 0.243269 0.0315519 0.00765368 0.0040431
Predicted Gill Net Proportion by Age
 0.279451 0.300911 0.267901 0.0995329 0.0338733 0.0183315
 0.0564408 0.447387 0.264075 0.157441 0.0484259 0.0262306
 0.182684 0.0713196 0.395651 0.195011 0.106048 0.0492866
 0.40415 0.164346 0.045574 0.213963 0.096759 0.0752083
 0.252507 0.410637 0.114102 0.0258562 0.109677 0.0872211
 0.181763 0.28244 0.325293 0.07629 0.0158429 0.11837
 0.293527 0.185751 0.204397 0.198675 0.0426987 0.0749511
 0.191529 0.340415 0.14783 0.133441 0.117388 0.0693973
 0.328066 0.180628 0.232611 0.0870342 0.0726515 0.0990096
 0.334728 0.293075 0.115806 0.127393 0.0439125 0.0850848
 0.225062 0.342022 0.214467 0.0722536 0.0731635 0.0730314
 0.260021 0.230352 0.250989 0.134322 0.0416739 0.082642
 0.455174 0.197587 0.124433 0.114822 0.0563976 0.0515869
 0.0476066 0.558952 0.167076 0.08658 0.0724037 0.0673817
 0.0383696 0.0924468 0.604192 0.122627 0.0529301 0.0894344
 0.0805422 0.0637593 0.102914 0.539898 0.0982305 0.114656
 0.0940154 0.143661 0.0734511 0.0920724 0.426761 0.170038
 0.233875 0.158289 0.141719 0.0515312 0.0549089 0.359677
 0.709633 0.102808 0.0476663 0.0349538 0.0114949 0.0934438
 0.200534 0.642724 0.0648154 0.0249713 0.0166665 0.0502893
 0.0399624 0.25564 0.5881 0.0506664 0.0179841 0.0476465
 0.220745 0.0642718 0.243326 0.401725 0.029537 0.040394
 0.335794 0.275246 0.0473206 0.128304 0.180616 0.0327183
 0.398501 0.287928 0.156359 0.0213618 0.0516932 0.0841565
 0.0624269 0.485682 0.243201 0.109312 0.0135689 0.0858096
 0.0822692 0.092936 0.482146 0.192986 0.0776159 0.0720467
 0.14725 0.143165 0.0986214 0.377246 0.130406 0.103312
 0.183226 0.258154 0.141217 0.0666958 0.213407 0.1373
 0.545583 0.157365 0.126547 0.0480792 0.0191027 0.103322
 0.344435 0.423748 0.0900628 0.0633587 0.0224099 0.0559857
 0.0516741 0.414239 0.369085 0.0675607 0.0439443 0.0534962
 0.219621 0.123116 0.404662 0.185735 0.0250847 0.0417817
 0.313555 0.295007 0.0901632 0.197484 0.0748805 0.0289096
 0.389056 0.250797 0.172907 0.0459986 0.0935874 0.0476542
 0.371467 0.411744 0.123778 0.0493816 0.0102004 0.0334293
 0.186674 0.370546 0.305501 0.0810258 0.0302058 0.0260474
 0.643513 0.14969 0.128826 0.0575456 0.0115131 0.00891168
 0.401187 0.435066 0.0750547 0.0568373 0.0236962 0.00815883
 0.212256 0.496475 0.245129 0.0239463 0.0139471 0.00824714
 0.353894 0.178458 0.309727 0.134623 0.0122769 0.0110213
Gill Net Catchability Parameter q
5.61955e-05
Gill Net Selectivities
 0.45553 0.745912 0.916052 1 1.02341 1.00548
Gill Net Selectivity Parameters for Double Logistic Function
 0 0 0 0
Gill Net Gamma Selectivity Parameters (Shape, Scale, Location)
2 0.2 0
Observed Total Offshore Gill Net Catch By Year
 166.25 43.625 47.5 16.4286 6.45 63.45 61.65 54.5 22.95 16.5499 29.1999 58.4 41.5 34.4 17.9 24.3 25.8999 35.3001 18.55 12.3499 15.7 12.45 14.4199 29.7501 69.2 42.3501 50.2499
Predicted Total Offshore Gill Net Catch By Year
 101.485 57.346 40.3028 26.0653 17.2832 46.2624 60.4256 56.6558 39.4597 35.4216 48.0639 46.5844 36.4871 23.7242 14.9024 19.2007 29.8107 29.7168 12.3487 10.0173 15.0741 14.7259 17.8579 22.4667 40.1591 33.2808 47.8449
Total Offshore Gill Net Catch By Year Log Residuals
 0.493577 -0.273472 0.164308 -0.46158 -0.985653 0.315923 0.0200607 -0.0387935 -0.541961 -0.760941 -0.498366 0.22605 0.128735 0.371562 0.183276 0.235531 -0.140629 0.172172 0.406923 0.209335 0.0406817 -0.167886 -0.213838 0.280799 0.544152 0.240989 0.0490444
Observed Offshore Gill Net by Year and Age
 0.125 75.75 53.125 15.5 13 8.75
 0.375 3.75 28.375 9 1 1.125
 4 2.5 3 31.75 4.5 1.75
 0.1429 3.7143 1 1.2857 8.5714 1.7143
 0.65 1.1 0.45 0.3 0.6 3.35
 51.75 6.9 0.8 0.25 0.45 3.3
 2.1 50.9 4.5 1.25 0.35 2.55
 0.6206 20.3253 31.202 1.3655 0.1823 0.8043
 5.555 1.8311 6.0733 8.8042 0.05 0.6364
 3.2699 4.6151 0.05 2.7412 5.7985 0.0752
 6.8517 13.0935 5.3021 0.3214 1.9297 1.7015
 0.05 40.2536 11.6824 2.8014 0.05 3.5626
 4.3119 4.1529 22.4589 6.0657 1.9982 2.5124
 8.5529 5.8085 2.7249 14.78 1.7567 0.777
 4.5003 5.638 1.0185 0.4214 5.1919 1.1299
 16.2812 1.6049 1.714 0.5223 2.4981 1.6795
 5.2554 14.3883 1.6764 0.6545 0.0676 3.8577
 0.4916 24.5969 4.9085 2.1071 1.2765 1.9195
 4.0099 2.1361 9.3348 1.9492 0.3863 0.7337
 3.6332 3.973 1.7642 1.4406 1.0008 0.5381
 9.4956 3.7643 0.7569 0.1312 0.8484 0.7036
 4.3045 6.148 1.1141 0.0667 0.0813 0.7354
 0.2727 8.5553 3.3782 1.3919 0.3604 0.4614
 17.2895 7.1455 2.9878 1.413 0.4929 0.4214
 27.431 31.1349 7.8372 2.0032 0.3901 0.4036
 7.191 17.5224 15.6096 1.1363 0.6245 0.2663
 17.1261 10.4474 17.3735 3.8373 0.9377 0.5279
Predicted Offshore Gill Net by Year and Age
 4.83138 56.7255 16.9558 8.78661 7.34793 6.83827
 2.20034 5.30146 34.648 7.03218 3.03533 5.1287
 3.24608 2.56968 4.14774 21.7594 3.95897 4.62097
 2.45054 3.74457 1.91452 2.39989 11.1236 4.4321
 4.04209 2.73573 2.44935 0.890623 0.949 6.21637
 32.8293 4.75614 2.20516 1.61705 0.531779 4.32293
 12.1174 38.837 3.91651 1.50891 1.00708 3.03876
 2.2641 14.4835 33.3193 2.87054 1.0189 2.69945
 8.71054 2.53614 9.60158 15.8519 1.16552 1.59394
 11.8944 9.74965 1.67617 4.54475 6.39772 1.15893
 19.1535 13.8389 7.51524 1.02673 2.48457 4.04489
 2.90812 22.6252 11.3294 5.09221 0.632099 3.99739
 3.00176 3.39097 17.5921 7.0415 2.83198 2.62878
 3.49339 3.39646 2.33971 8.94986 3.09377 2.45099
 2.73051 3.84713 2.10447 0.99393 3.18029 2.04611
 10.4756 3.02152 2.42979 0.923153 0.366784 1.98385
 10.2679 12.6322 2.68484 1.88877 0.668055 1.66897
 1.53559 12.3099 10.968 2.00769 1.30589 1.58974
 2.71202 1.52032 4.99702 2.29358 0.309762 0.515948
 3.14098 2.95517 0.903192 1.97826 0.7501 0.289596
 5.86467 3.78054 2.60642 0.693388 1.41075 0.718345
 5.47018 6.0633 1.82274 0.727188 0.15021 0.492276
 3.33361 6.61719 5.45561 1.44695 0.539412 0.465152
 14.4576 3.36304 2.8943 1.29286 0.25866 0.200216
 16.1113 17.4719 3.01413 2.28253 0.951617 0.327651
 7.06404 16.5231 8.15809 0.796952 0.46417 0.274472
 16.932 8.53828 14.8189 6.44103 0.587386 0.527315
Offshore Gill Net Log Residuals by Year and Age
 -3.65457 0.289214 1.14204 0.567611 0.570531 0.246519
 -1.76944 -0.346226 -0.199731 0.246728 -1.11032 -1.51707
 0.208847 -0.0274903 -0.323952 0.377847 0.128094 -0.970988
 -2.84192 -0.00811643 -0.649468 -0.62412 -0.260642 -0.949868
 -1.82755 -0.911089 -1.69433 -1.08814 -0.45848 -0.618225
 0.455103 0.372086 -1.01394 -1.8669 -0.166981 -0.270012
 -1.7527 0.27049 0.138877 -0.188242 -1.05688 -0.175356
 -1.29425 0.338856 -0.0656546 -0.742981 -1.72083 -1.21083
 -0.449835 -0.325727 -0.458025 -0.588064 -3.1489 -0.918134
 -1.29131 -0.747898 -3.51224 -0.505576 -0.0983426 -2.7351
 -1.02799 -0.0553699 -0.348831 -1.16145 -0.252737 -0.865944
 -4.06324 0.576135 0.0306847 -0.597593 -2.53702 -0.115151
 0.362179 0.202692 0.244236 -0.149171 -0.348729 -0.0452798
 0.895397 0.536589 0.152404 0.501637 -0.565952 -1.1488
 0.499657 0.382203 -0.725734 -0.858084 0.490128 -0.59381
 0.440966 -0.632699 -0.348975 -0.569553 1.91851 -0.166544
 -0.669762 0.130165 -0.470971 -1.05981 -2.29076 0.837863
 -1.13901 0.692218 -0.804018 0.048328 -0.0227601 0.188495
 0.391073 0.340063 0.624907 -0.162695 0.22081 0.352094
 0.14558 0.295965 0.669518 -0.317157 0.288348 0.619556
 0.481882 -0.00430473 -1.2365 -1.66487 -0.508523 -0.0207395
 -0.23965 0.0138731 -0.492292 -2.38898 -0.613889 0.401374
 -2.50344 0.256881 -0.479301 -0.0387902 -0.403265 -0.00809913
 0.178878 0.753636 0.031793 0.0888584 0.644791 0.744185
 0.532154 0.577737 0.955571 -0.13054 -0.891759 0.208475
 0.0178125 0.0587212 0.648876 0.354738 0.296701 -0.0302247
 0.0113976 0.201794 0.159045 -0.517919 0.467748 0.00110889
Observed Offshore Gill Net Proportion by Age
 0.00075188 0.455639 0.319549 0.0932331 0.0781955 0.0526316
 0.00859599 0.0859599 0.65043 0.206304 0.0229226 0.025788
 0.0842105 0.0526316 0.0631579 0.668421 0.0947368 0.0368421
 0.00869825 0.226087 0.0608695 0.0782599 0.521736 0.104349
 0.100775 0.170543 0.0697674 0.0465116 0.0930233 0.51938
 0.815603 0.108747 0.0126084 0.00394011 0.0070922 0.0520095
 0.0340633 0.825629 0.0729927 0.0202758 0.00567721 0.0413625
 0.0113872 0.372941 0.572514 0.025055 0.00334495 0.0147578
 0.242048 0.0797865 0.264632 0.383625 0.00217865 0.0277298
 0.197578 0.27886 0.00302117 0.165632 0.350365 0.00454383
 0.234648 0.448409 0.181579 0.0110069 0.0660858 0.0582707
 0.000856164 0.689274 0.200041 0.0479692 0.000856164 0.0610034
 0.103901 0.10007 0.541178 0.146161 0.0481494 0.0605398
 0.248631 0.168852 0.0792122 0.429651 0.0510669 0.0225872
 0.251413 0.314972 0.0568994 0.0235419 0.29005 0.0631229
 0.670008 0.0660453 0.070535 0.0214938 0.102802 0.0691152
 0.202912 0.555535 0.0647261 0.0252704 0.00261005 0.148947
 0.0139263 0.696794 0.139051 0.059691 0.0361614 0.0543766
 0.216167 0.115154 0.503224 0.105078 0.0208248 0.0395526
 0.294189 0.321703 0.142851 0.116649 0.0810371 0.0435712
 0.604815 0.239764 0.0482102 0.00835669 0.0540382 0.0448153
 0.345743 0.493815 0.0894859 0.00535743 0.00653012 0.0590683
 0.0189114 0.593298 0.234273 0.0965263 0.0249932 0.0319974
 0.581158 0.240184 0.10043 0.0474956 0.016568 0.0141647
 0.396402 0.449926 0.113254 0.028948 0.00563728 0.00583237
 0.169799 0.413751 0.368585 0.0268311 0.0147461 0.00628806
 0.340819 0.207909 0.345742 0.0763643 0.0186607 0.0105055
Predicted Offshore Gill Net Proportion by Age
 0.0476066 0.558952 0.167076 0.08658 0.0724037 0.0673817
 0.0383696 0.0924468 0.604192 0.122627 0.0529301 0.0894344
 0.0805422 0.0637593 0.102914 0.539898 0.0982305 0.114656
 0.0940154 0.143661 0.0734511 0.0920724 0.426761 0.170038
 0.233875 0.158289 0.141719 0.0515312 0.0549089 0.359677
 0.709633 0.102808 0.0476663 0.0349538 0.0114949 0.0934438
 0.200534 0.642724 0.0648154 0.0249713 0.0166665 0.0502893
 0.0399624 0.25564 0.5881 0.0506664 0.0179841 0.0476465
 0.220745 0.0642718 0.243326 0.401725 0.029537 0.040394
 0.335794 0.275246 0.0473206 0.128304 0.180616 0.0327183
 0.398501 0.287928 0.156359 0.0213618 0.0516932 0.0841565
 0.0624269 0.485682 0.243201 0.109312 0.0135689 0.0858096
 0.0822692 0.092936 0.482146 0.192986 0.0776159 0.0720467
 0.14725 0.143165 0.0986214 0.377246 0.130406 0.103312
 0.183226 0.258154 0.141217 0.0666958 0.213407 0.1373
 0.545583 0.157365 0.126547 0.0480792 0.0191027 0.103322
 0.344435 0.423748 0.0900628 0.0633587 0.0224099 0.0559857
 0.0516741 0.414239 0.369085 0.0675607 0.0439443 0.0534962
 0.219621 0.123116 0.404662 0.185735 0.0250847 0.0417817
 0.313555 0.295007 0.0901632 0.197484 0.0748805 0.0289096
 0.389056 0.250797 0.172907 0.0459986 0.0935874 0.0476542
 0.371467 0.411744 0.123778 0.0493816 0.0102004 0.0334293
 0.186674 0.370546 0.305501 0.0810258 0.0302058 0.0260474
 0.643513 0.14969 0.128826 0.0575456 0.0115131 0.00891168
 0.401187 0.435066 0.0750547 0.0568373 0.0236962 0.00815883
 0.212256 0.496475 0.245129 0.0239463 0.0139471 0.00824714
 0.353894 0.178458 0.309727 0.134623 0.0122769 0.0110213
Offshore Gill Net Catchability Parameter q
4.59661e-05
Offshore Gill Net Selectivities
 0.45553 0.745912 0.916052 1 1.02341 1.00548
Offshore Gill Net Selectivity Parameters for Double Logistic Function
 0 0 0 0
Offshore Gill Net Gamma Selectivity Parameters (Shape, Scale, Location)
2 0.2 0
TrawlYOYLogLike
-45.9565
TrawlOnePlusLogLike
-2.46126
Observed Trawl for YOY
 15493 1 3625 3653 5086 123 4683 2610 2381 7104 639 4941 3369 3831 725 1760 388 41 4962 1983 2291 8471 3542 8436 2150 8915 17413 935 165 845 99.99 99.99 99.99 99.99 99.99 99.99 99.99 99.99 99.99 99.99
Predicted Trawl for YOY
 1713.11 235.927 716.216 2097.82 1516.57 1161.32 2183.54 1446.4 3149.97 4299.99 3379.54 4558.06 12509.9 1255.87 571.96 843.79 636.996 1050.71 8533.7 3149.8 588.533 2264.23 3091.84 4978.79 755.941 780.283 908.077 709.771 2723.03 2669.04 399.164 704.966 816.469 1524.47 1421.92 866.543 3758.13 4187.99 1836.24 4401.33
Trawl YOY Residuals
 2.20208 -5.46352 1.62163 0.554651 1.21004 -2.24512 0.762991 0.590273 -0.279871 0.502046 -1.66559 0.0806708 -1.3119 1.11529 0.237102 0.735166 -0.495757 -3.24365 -0.542214 -0.462729 1.35911 1.31941 0.135926 0.527321 1.04526 2.43583 2.95364 0.275603 -2.80356 -1.15014 -1.3843 -1.95308 -2.09992 -2.72433 -2.6547 -2.15944 -3.62661 -3.73491 -2.9104 -3.78459
Trawl YOY Catchability Parameter q
0.00544289
Observed Trawl for Age 1+
 239 360 464 2361 151 566 1488 1633 175 366 25 55 203 4228 19 1776 5946 445 423 60 1339 508 105 276 5 4 99.99 99.99 99.99 99.99 99.99 99.99 99.99 99.99 99.99 99.99 99.99
Predicted Trawl for Age 1+
 158.65 172.676 170.141 211.26 203.066 280.546 384.598 417.992 490.659 883.964 659.75 334.485 233.73 155.571 119.722 450.149 456.18 347.127 265.998 273.119 393.385 303.077 220.532 150.518 101.003 169.947 240.36 189.326 85.3807 76.5421 121.574 121.141 126.769 212.218 338.408 247.993 373.025
Trawl Age 1+ Residuals
 0.409764 0.73469 1.00326 2.41375 -0.296251 0.701857 1.35299 1.36271 -1.03096 -0.881783 -3.27299 -1.80526 -0.140961 3.30238 -1.84074 1.37254 2.56759 0.248385 0.463885 -1.51556 1.22489 0.516495 -0.74208 0.606316 -3.00572 -3.74919 -0.877068 -0.638401 0.15795 0.267229 -0.195453 -0.191888 -0.237292 -0.752542 -1.21918 -0.908329 -1.31658
Trawl Age 1+ Catchability Parameter q
0.00023705
Observed Effort
 1782 1646 1176 1955 2826 2147 2537 1929 1440 1949 2350 2035 2251 1913 1443 1812 1354 957 912 995 2300 2073 1882 1621 1938 1923 1696 2142 761 1571 1217 2272 2059 2069 3023 2121 1682 1211 290
Semi-Observed F (Observed Effort * Catchability q)
 0.25609 0.236546 0.169002 0.280952 0.406122 0.308544 0.364591 0.277215 0.206941 0.280089 0.337717 0.292448 0.32349 0.274916 0.207373 0.260401 0.194582 0.13753 0.131063 0.142991 0.330531 0.297909 0.270461 0.232953 0.278509 0.276353 0.243731 0.307825 0.109363 0.225767 0.174894 0.326508 0.295897 0.297335 0.434433 0.304807 0.241719 0.174032 0.0416757
Estimated Fishing Mortalities by Year
 0.801623 0.176915 0.139021 0.238115 0.146582 0.146829 0.227213 0.0882545 0.112633 0.117991 0.115105 0.137004 0.218464 0.762388 0.288696 0.382251 0.631316 0.231646 0.190765 0.112317 0.605677 0.611512 0.317168 0.201962 0.300551 0.52915 0.734994 0.698358 0.0451659 0.0894115 1.54415 0.815492 0.0593967 1.21498 0.0211904 1.40134 0.028702 1.27632 0.0274051
F Log Residuals
 -1.14111 0.290473 0.195288 0.165428 1.01907 0.742594 0.472887 1.14457 0.608299 0.864503 1.07636 0.758279 0.392544 -1.01999 -0.330857 -0.383854 -1.17695 -0.52137 -0.375363 0.241453 -0.605645 -0.719145 -0.159305 0.142758 -0.0761695 -0.649593 -1.1038 -0.819199 0.884328 0.926255 -2.17805 -0.915339 1.60577 -1.40763 3.02049 -1.52551 2.13081 -1.99249 0.41919
PosfunPenalty (used to constrain abundances to be positive)
0
FPosfunPenalty (used to prevent logs of negative numbers in calculating F
0
Total Kill Log Likelihood
-365.674
Kill Age Composition Log Likelihood
-3324.95
Total Gill Net Catch Log Likelihood
-350.956
Gill Net Age Composition Log Likelihood
-10107.5
Total Offshore Gill Net Catch Log Likelihood
-84.8317
Offshore Gill Net Age Composition Log Likelihood
-6321.15
Trawl YOY Catch Log Likelihood
-45.9565
Trawl Age 1+ Catch Log Likelihood
-2.46126
F Log Likelihood
-5.73742
Total Log Likelihood
-20609.2
Number of Parameters
89
AIC (the smaller the better)
41396.4
Retrospective Analysis Quantities:  Age 3+, Age 1, Total Kill, F, Gill Net, Offshore Gill Net, Trawl YOY, Trawl 1+
