Predicted Abundance
 213405 130166 88677.4 29424.5 9878.24 5443.79
 29569.2 148030 74254.3 42395.6 13017.7 7064.48
 84189.5 20510.9 84444.6 35500.1 18756.2 9256.89
 247769 58398.6 11700.6 40371.9 15705.5 12892.9
 181047 171867 33313.9 5593.9 17860.9 13276.1
 139105 125585 98042.7 15927 2474.79 14429.4
 249624 96491.1 71640.7 46873 7046.23 8072.24
 160981 173154 55044 34250.5 20737 7059.86
 356263 111666 98776.7 26315.9 15152.7 12723.2
 488365 247124 63700.4 47223.9 11642.4 12945.8
 369769 338757 140974 30454.4 20892.3 11475.9
 461618 256493 193247 67397.7 13473.3 14923.1
 1.20637e+06 320204 146318 92388.7 29817.3 13252.3
 123455 836803 182663 69952.9 40873.6 19790.3
 54579.2 85635.1 477360 87328.7 30947.8 27911.9
 78437.1 37859.2 48851.2 228220 38635 27369.5
 62340.9 54408.4 21597.1 23355.1 100967 30562
 107798 43243.1 31037.7 10325.3 10332.5 60109.3
 855323 74774.9 24668.4 14838.7 4568 33637.4
 291747 593300 42655.9 11793.6 6564.78 18278.1
 55833.4 202372 338452 20393.2 5217.61 11766.5
 230434 38729.2 115445 161810 9022.15 8020.2
 311261 159842 22093.3 55192.6 71586.1 7922.6
 445769 215908 91183.1 10562.5 24417.7 35987.3
 60712.5 309211 123166 43593.5 4672.96 28330.7
 62521.4 42113.6 176391 58884.4 19286.1 15765.5
 79023.7 43368.4 24024 84330.5 26051 16270.6
 63472.8 54815.3 24739.8 11485.6 37308.6 19553.8
 207434 44028.3 31269.8 11827.8 5081.32 26195.9
 175244 143888 25116.3 14949.7 5232.72 14919.2
 32369.5 121559 82081.8 12007.8 6613.87 9547.77
 67693.8 22453.3 69344.4 39242.3 5312.34 7577.33
 72860.8 46956.2 12808.6 33152.7 17361.1 6042.05
 134119 50540.3 26786.5 6123.65 14667 10715.3
 124739 93032.3 28831.1 12806.3 2709.16 11759.1
 74472.8 86525.9 53070.9 13783.8 5665.62 6889.48
 339076 51658.5 49359.3 25372.5 6098.07 5868.99
 394051 235202 29469 23598.1 11225 5571.05
 179334 273336 134173 14088.7 10440 7731.02
 387133 124396 155926 64146.2 6232.99 8420.19
Three Plus Abundance By Year
 133424 136732 147958 80670.9 70044.8 130874 133632 117091 152968 135512 203796 289041 281777 313279 623549 343076 176481 111805 77712.5 79292.4 375830 294297 156795 162151 199764 270327 150676 93087.8 74374.8 60217.9 110251 121476 69364.5 58292.5 56105.6 79409.8 86698.9 69863.1 166432 234726
Instantaneous F Matrix
 0.0657786 0.261317 0.437962 0.515521 0.5 0.42905
 0.0657786 0.261317 0.437962 0.515521 0.5 0.42905
 0.0657786 0.261317 0.437962 0.515521 0.5 0.42905
 0.0657786 0.261317 0.437962 0.515521 0.5 0.42905
 0.0657786 0.261317 0.437962 0.515521 0.5 0.42905
 0.0657786 0.261317 0.437962 0.515521 0.5 0.42905
 0.0657786 0.261317 0.437962 0.515521 0.5 0.42905
 0.0657786 0.261317 0.437962 0.515521 0.5 0.42905
 0.0657786 0.261317 0.437962 0.515521 0.5 0.42905
 0.0657786 0.261317 0.437962 0.515521 0.5 0.42905
 0.0657786 0.261317 0.437962 0.515521 0.5 0.42905
 0.0657786 0.261317 0.437962 0.515521 0.5 0.42905
 0.0657786 0.261317 0.437962 0.515521 0.5 0.42905
 0.0657786 0.261317 0.437962 0.515521 0.5 0.42905
 0.0657786 0.261317 0.437962 0.515521 0.5 0.42905
 0.0657786 0.261317 0.437962 0.515521 0.5 0.42905
 0.0657786 0.261317 0.437962 0.515521 0.5 0.42905
 0.0657786 0.261317 0.437962 0.515521 0.5 0.42905
 0.0657786 0.261317 0.437962 0.515521 0.5 0.42905
 0.0657786 0.261317 0.437962 0.515521 0.5 0.42905
 0.0657786 0.261317 0.437962 0.515521 0.5 0.42905
 0.0657786 0.261317 0.437962 0.515521 0.5 0.42905
 0.0657786 0.261317 0.437962 0.515521 0.5 0.42905
 0.0657786 0.261317 0.437962 0.515521 0.5 0.42905
 0.0657786 0.261317 0.437962 0.515521 0.5 0.42905
 0.0657786 0.261317 0.437962 0.515521 0.5 0.42905
 0.0657786 0.261317 0.437962 0.515521 0.5 0.42905
 0.0657786 0.261317 0.437962 0.515521 0.5 0.42905
 0.0657786 0.261317 0.437962 0.515521 0.5 0.42905
 0.0657786 0.261317 0.437962 0.515521 0.5 0.42905
 0.0657786 0.261317 0.437962 0.515521 0.5 0.42905
 0.0657786 0.261317 0.437962 0.515521 0.5 0.42905
 0.0657786 0.261317 0.437962 0.515521 0.5 0.42905
 0.0657786 0.261317 0.437962 0.515521 0.5 0.42905
 0.0657786 0.261317 0.437962 0.515521 0.5 0.42905
 0.0657786 0.261317 0.437962 0.515521 0.5 0.42905
 0.0657786 0.261317 0.437962 0.515521 0.5 0.42905
 0.0657786 0.261317 0.437962 0.515521 0.5 0.42905
 0.0657786 0.261317 0.437962 0.515521 0.5 0.42905
Observed Total Kill By Year
 1.05821e+06 354636 312142 547850 586540 354146 278479 89633 181090 448821 522028 498889 660214 652938 550571 498001 116424 68280 105321 101441 317163 176644 96560 81674 115379 197408 73594 12936 7586 20767 12246 9111 4556 13028 2777 1217 5212 12352 9576
Predicted Total Kill By Year
 80682.6 75805.9 56683.7 52514.8 66824.2 74005.7 76643 81903.7 90918.4 120648 153198 169517 222675 275468 217925 129099 73295.7 49706.3 86763 159912 160946 118780 102460 119066 128932 98697.1 64113.8 44966.6 43815.4 57822.3 60933 47666.6 36872.4 36262.7 43434.3 46750.8 57128.4 91747.8 117012
Total Kill By Year Log Residuals
 2.57381 1.54292 1.70597 2.34491 2.17218 1.56557 1.29018 0.0901794 0.689032 1.31375 1.22599 1.07943 1.08685 0.863009 0.926805 1.35002 0.462736 0.317486 0.193832 -0.455146 0.67835 0.396867 -0.0593043 -0.376941 -0.111061 0.693217 0.137904 -1.24591 -1.75368 -1.02401 -1.60457 -1.65475 -2.09102 -1.02369 -2.74988 -3.64844 -2.39434 -2.00523 -2.50301
Observed Kill By Year and Age
 5 220021 401849 214656 126476 95202
 355 10583 105892 115530 74379 47897
 269 2060 77458 109856 82553 39946
 3435 123439 192745 139898 72059 16274
 1771 75597 54778 4657 399947 49790
 1008 24069 149378 118697 13151 47843
 1714 8412 77441 130897 32125 27890
 73 8325 12611 39357 22961 6306
 4995 6242 18789 89370 18155 43539
 2751 72164 93661 213255 14406 52584
 289 45686 62096 210280 83633 120044
 5 6177 101160 148115 101134 142298
 1038 11173 124628 148825 260700 113850
 5 53386 143672 186022 135072 134781
 419 6455 277997 203733 22830 39137
 3420 6693 22551 382132 63617 19588
 33 3209 9883 14816 71605 16878
 223 6025 14474 7112 5789 34657
 3856 8494 21955 7454 7020 56542
 168 5962 75713 6342 2251 11005
 2518 982 87606 196458 7036 22563
 185 23001 999 67619 73837 11003
 197 11186 42555 957 17689 23976
 506 4213 28673 24270 525 23487
 3789 4345 50098 33298 12248 11601
 222 9626 19650 121398 22560 23952
 441 9657 6488 3851 43088 10069
 389 773 2290 996 4750 3738
 1106 1521 382 593 143 3841
 5 4954 8765 1872 792 4379
 440 827 5999 2831 653 1496
 434 2252 2875 1908 1086 556
 707 929 348 74 1074 1424
 55 3021 3069 492 149 6242
 5 129 512 810 324 997
 93 299 238 187 124 276
 378 2811 1264 454 169 136
 38 3502 6268 894 671 979
 79 1167 6008 1510 511 301
Predicted Kill By Year and Age
 11756.5 26029.5 27467.1 10371.4 3399.79 1658.34
 1628.98 29601.6 22999.7 14943.3 4480.28 2152.05
 4638.03 4101.58 26156 12512.8 6455.3 2819.92
 13649.7 11678 3624.16 14230 5405.37 3927.57
 9973.96 34368.3 10318.7 1971.7 6147.17 4044.29
 7663.34 25113.3 30367.9 5613.84 851.747 4395.61
 13751.9 19295.4 22190.1 16521.5 2425.1 2459.05
 8868.5 34625.7 17049.4 12072.4 7137.05 2150.64
 19626.6 22329.9 30595.3 9275.65 5215.11 3875.86
 26904.2 49417.5 19730.7 16645.2 4006.95 3943.68
 20370.7 67741.6 43665.4 10734.4 7190.48 3495.9
 25430.7 51291.1 59856.6 23755.9 4637.09 4546.02
 66459 64031.5 45320.9 32564.6 10262.2 4037.06
 6801.15 167336 56578.3 24656.6 14067.4 6028.71
 3006.78 17124.5 147859 30781.1 10651.3 8502.79
 4321.12 7570.74 15131.3 80441.6 13297 8337.57
 3434.38 10880.1 6689.51 8232.07 34749.6 9310.09
 5938.64 8647.36 9613.66 3639.39 3556.14 18311.1
 47120 14952.8 7640.82 5230.26 1572.16 10247
 16072.4 118643 13212.3 4156.95 2259.4 5568.06
 3075.88 40468.5 104833 7188.09 1795.74 3584.43
 12694.7 7744.7 35758.1 57033.7 3105.15 2443.19
 17147.5 31963.7 6843.23 19454 24637.8 2413.46
 24557.5 43175.4 28243.2 3723.02 8403.83 10962.8
 3344.67 61833.1 38149.8 15365.6 1608.29 8630.37
 3444.32 8421.49 54635.8 20755.2 6637.7 4802.64
 4353.44 8672.4 7441.24 29724.3 8965.94 4956.5
 3496.73 10961.5 7662.95 4048.36 12840.5 5956.68
 11427.6 8804.37 9685.56 4168.98 1748.83 7980.06
 9654.26 28773.3 7779.56 5269.37 1800.94 4544.85
 1783.24 24308.3 25424.2 4232.42 2276.29 2908.53
 3729.27 4490 21478.9 13831.9 1828.35 2308.28
 4013.92 9389.87 3967.37 11685.4 5975.17 1840.59
 7388.64 10106.6 8296.91 2158.43 5047.94 3264.21
 6871.9 18603.7 8930.2 4513.89 932.409 3582.16
 4102.73 17302.7 16438.3 4858.42 1949.93 2098.74
 18679.8 10330.2 15288.7 8943.16 2098.77 1787.87
 21708.4 47033.5 9127.78 8317.71 3863.31 1697.11
 9879.56 54659.2 41558.9 4965.91 3593.13 2355.1
Kill Log Residuals by Year and Age
 -7.76273 2.13449 2.68309 3.02999 3.61634 4.05018
 -1.52359 -1.02858 1.52694 2.04527 2.80949 3.10263
 -2.84733 -0.688666 1.08566 2.17241 2.54854 2.65082
 -1.3797 2.35804 3.97375 2.28556 2.59009 1.42155
 -1.72843 0.788281 1.66933 0.859473 4.17534 2.51051
 -2.02848 -0.0424715 1.59309 3.05134 2.73696 2.38732
 -2.08235 -0.830207 1.24987 2.06975 2.58376 2.42849
 -4.7998 -1.42533 -0.301548 1.18175 1.1685 1.07573
 -1.36845 -1.27462 -0.487574 2.26539 1.24739 2.41889
 -2.28032 0.378636 1.55751 2.55037 1.27961 2.5903
 -4.25543 -0.393908 0.352125 2.97499 2.45368 3.53627
 -8.53427 -2.11668 0.524752 1.83016 3.08236 3.44367
 -4.15929 -1.74587 1.01157 1.51954 3.2349 3.33937
 -7.21541 -1.14246 0.931907 2.02082 2.26194 3.10712
 -1.97076 -0.975656 0.631355 1.88991 0.762395 1.52667
 -0.233875 -0.123228 0.399017 1.55823 1.56534 0.854146
 -4.64508 -1.22097 0.390275 0.58767 0.722997 0.594912
 -3.28206 -0.361337 0.409169 0.669967 0.487285 0.637993
 -2.50307 -0.565538 1.05549 0.35429 1.49631 1.708
 -4.5609 -2.99071 1.7458 0.422413 -0.00372286 0.681302
 -0.200125 -3.71869 -0.179518 3.30802 1.36562 1.83971
 -4.22858 1.08853 -3.57778 0.170246 3.1688 1.50486
 -4.4664 -1.04994 1.82754 -3.012 -0.331337 2.29599
 -3.88224 -2.3271 0.0151026 1.87471 -2.77304 0.761939
 0.124735 -2.65541 0.27246 0.773369 2.03019 0.295804
 -2.74181 0.133681 -1.02261 1.76628 1.22341 1.60689
 -2.28968 0.107537 -0.137083 -2.04363 1.56981 0.708761
 -2.19601 -2.65186 -1.20785 -1.40232 -0.994457 -0.465963
 -2.33528 -1.75588 -3.23297 -1.95023 -2.50386 -0.731214
 -7.56572 -1.75925 0.119267 -1.0349 -0.821503 -0.0371736
 -1.39941 -3.38077 -1.44411 -0.402145 -1.24873 -0.664854
 -2.15092 -0.690034 -2.01102 -1.98092 -0.52091 -1.42349
 -1.73649 -2.31328 -2.43366 -5.06203 -1.71622 -0.256615
 -4.90037 -1.2076 -0.994531 -1.47866 -3.52279 0.648282
 -7.22576 -4.97131 -2.85887 -1.71788 -1.05703 -1.27897
 -3.78681 -4.05817 -4.2351 -3.25736 -2.75527 -2.02869
 -3.9003 -1.30153 -2.49283 -2.98055 -2.51921 -2.57612
 -6.34787 -2.59753 -0.375865 -2.23044 -1.75051 -0.550148
 -4.82878 -3.84668 -1.93402 -1.19049 -1.95041 -2.05723
Observed Kill Proportion by Age
 4.72496e-06 0.207918 0.379744 0.202848 0.119519 0.0899652
 0.00100103 0.0298419 0.298593 0.325771 0.209733 0.13506
 0.000861787 0.00659956 0.24815 0.351942 0.264473 0.127974
 0.00626996 0.225315 0.351821 0.255358 0.131531 0.0297052
 0.0030194 0.128886 0.0933918 0.00793978 0.681875 0.0848876
 0.00284628 0.0679635 0.421798 0.335164 0.0371344 0.135094
 0.00615486 0.0302069 0.278086 0.470043 0.115359 0.100151
 0.000814432 0.0928787 0.140696 0.439091 0.256167 0.0703536
 0.027583 0.034469 0.103755 0.493512 0.100254 0.240427
 0.00612939 0.160786 0.208682 0.475145 0.0320974 0.11716
 0.00055361 0.0875164 0.118951 0.402814 0.160208 0.229957
 1.00223e-05 0.0123815 0.202771 0.29689 0.202718 0.28523
 0.00157222 0.0169233 0.188769 0.225419 0.394872 0.172444
 7.65769e-06 0.0817627 0.220039 0.2849 0.206868 0.206422
 0.000761028 0.0117242 0.504925 0.370039 0.041466 0.0710844
 0.00686746 0.0134397 0.045283 0.767332 0.127745 0.0393333
 0.000283447 0.027563 0.084888 0.127259 0.615036 0.14497
 0.00326596 0.0882396 0.21198 0.104159 0.0847832 0.507572
 0.0366119 0.0806487 0.208458 0.0707741 0.0666534 0.536854
 0.00165614 0.0587731 0.746375 0.0625191 0.0221902 0.108487
 0.00793914 0.0030962 0.276218 0.619423 0.0221842 0.0711401
 0.0010473 0.130211 0.00565544 0.382798 0.417999 0.0622891
 0.00204018 0.115845 0.44071 0.00991094 0.183192 0.248302
 0.00619536 0.0515831 0.351066 0.297157 0.00642799 0.28757
 0.0328396 0.0376585 0.434204 0.288597 0.106154 0.100547
 0.00112457 0.048762 0.09954 0.61496 0.114281 0.121332
 0.00599234 0.13122 0.0881594 0.0523276 0.585483 0.136818
 0.0300711 0.0597557 0.177025 0.0769944 0.367192 0.288961
 0.145795 0.200501 0.0503559 0.0781703 0.0188505 0.506327
 0.000240767 0.238552 0.422064 0.090143 0.0381374 0.210863
 0.0359301 0.0675323 0.489874 0.231178 0.0533235 0.122162
 0.0476347 0.247174 0.315553 0.209417 0.119197 0.0610251
 0.15518 0.203907 0.0763828 0.0162423 0.235733 0.312555
 0.00422168 0.231885 0.23557 0.0377648 0.0114369 0.479122
 0.0018005 0.046453 0.184372 0.291682 0.116673 0.359021
 0.0764174 0.245686 0.195563 0.153657 0.10189 0.226787
 0.0725249 0.539332 0.242517 0.0871067 0.0324252 0.0260936
 0.00307642 0.283517 0.507448 0.0723769 0.0543232 0.0792584
 0.00824979 0.121867 0.627402 0.157686 0.0533626 0.0314327
Predicted Kill Proportion by Age
 0.145713 0.322615 0.340434 0.128545 0.0421378 0.0205539
 0.0214888 0.390492 0.303402 0.197126 0.059102 0.028389
 0.0818229 0.072359 0.461438 0.220749 0.113883 0.0497484
 0.259921 0.222375 0.0690121 0.270972 0.10293 0.0747896
 0.149257 0.51431 0.154416 0.0295058 0.0919902 0.0605213
 0.103551 0.339342 0.410346 0.0758568 0.0115092 0.0593956
 0.179428 0.251757 0.289526 0.215564 0.0316414 0.0320844
 0.10828 0.422761 0.208165 0.147398 0.0871395 0.0262582
 0.215871 0.245603 0.336514 0.102022 0.0573603 0.0426301
 0.222997 0.4096 0.163539 0.137965 0.0332118 0.0326874
 0.132969 0.442182 0.285025 0.0700684 0.0469357 0.0228194
 0.150018 0.302571 0.3531 0.140139 0.0273547 0.0268174
 0.298457 0.287555 0.203529 0.146243 0.046086 0.0181298
 0.0246894 0.607461 0.205389 0.0895078 0.0510674 0.0218853
 0.0137973 0.0785799 0.678484 0.141246 0.0488759 0.039017
 0.0334713 0.0586428 0.117206 0.623099 0.102998 0.0645826
 0.0468564 0.148441 0.0912674 0.112313 0.474101 0.127021
 0.119475 0.173969 0.193409 0.073218 0.071543 0.368386
 0.543089 0.172341 0.0880654 0.0602821 0.0181202 0.118103
 0.100508 0.741926 0.0826225 0.0259952 0.014129 0.0348196
 0.0191113 0.251442 0.651356 0.0446616 0.0111574 0.0222711
 0.106876 0.0652023 0.301046 0.480165 0.0261421 0.0205691
 0.167358 0.311964 0.0667895 0.18987 0.240463 0.0235552
 0.206252 0.362618 0.237207 0.0312686 0.0705814 0.0920735
 0.0259414 0.47958 0.295892 0.119176 0.012474 0.0669375
 0.0348979 0.0853266 0.55357 0.210292 0.0672532 0.0486604
 0.0679017 0.135266 0.116063 0.463618 0.139844 0.0773079
 0.0777628 0.243769 0.170414 0.0900304 0.285555 0.132469
 0.260812 0.200942 0.221054 0.0951489 0.0399137 0.182129
 0.166964 0.497616 0.134542 0.0911304 0.0311461 0.0786002
 0.0292657 0.398935 0.417248 0.0694603 0.0373573 0.0477333
 0.0782365 0.0941959 0.450606 0.290179 0.0383569 0.0484255
 0.10886 0.254659 0.107597 0.316916 0.16205 0.0499178
 0.203753 0.278705 0.2288 0.0595219 0.139205 0.0900156
 0.158214 0.428319 0.205602 0.103924 0.0214671 0.082473
 0.0877574 0.370104 0.351615 0.103922 0.0417091 0.0448921
 0.326979 0.180824 0.267619 0.156545 0.0367377 0.0312956
 0.236609 0.512639 0.0994877 0.0906584 0.042108 0.0184975
 0.0844322 0.467125 0.355168 0.0424395 0.0307074 0.020127
Kill Selectivities
 0.131557 0.522635 0.875923 1.03104 1 0.858099
Kill Gamma Selectivity Parameters (Shape, Scale, Location)
4 0.7 0
Observed Total Gill Net Catch By Year
 12.0001 8.0646 17.6252 20.469 12.5314 61.4376 49.6451 23.0314 27.3751 40.8065 105 77.9377 116.938 234.969 103.031 52.8751 42.9064 20.8439 44.0002 68.29 136.3 67 36.4 51.5313 93.4313 60.8 44.3999 19 18.6001 28.0999 43.9 20.375 20.4687 17.2499 12.7187 15.6465 46.5223 65.8589 34.0941 31.9062
Predicted Total Gill Net Catch By Year
 36.2329 28.7933 22.0428 26.7388 31.47 31.6297 35.4379 35.6607 44.1607 60.7343 69.3625 76.2779 119.664 110.71 76.0829 45.666 27.8271 21.6045 58.9289 73.6327 59.2291 47.3299 47.212 58.7075 50.6384 35.7135 24.6083 18.2882 22.533 27.7467 23.6227 18.4705 15.4795 17.5475 20.3496 19.6218 31.1662 47.7713 49.852 55.4964
Total Gill Net Catch By Year Log Residuals
 -1.10505 -1.27266 -0.223657 -0.267205 -0.920796 0.663927 0.337119 -0.437191 -0.478201 -0.397668 0.414615 0.0215265 -0.0230444 0.752541 0.30321 0.146578 0.433012 -0.0358415 -0.292138 -0.0753253 0.833444 0.347551 -0.26008 -0.130378 0.612516 0.532061 0.590155 0.0381814 -0.191816 0.0126484 0.619707 0.0981315 0.279381 -0.0171056 -0.469988 -0.226393 0.400597 0.321089 -0.379935 -0.553519
Observed Gill Net by Year and Age
 0.0313 5.25 4.7188 1.5 0.375 0.125
 0.0323 2.871 2.8387 1.7419 0.4194 0.1613
 0.0313 1.875 12.0313 1.9063 1.4063 0.375
 0.0313 1.5938 1.9063 11.1563 4.9688 0.8125
 0.3125 7.4375 1.25 0.0313 3.1563 0.3438
 0.0313 16.5 24.1875 15.9375 1.0313 3.75
 0.0323 6.1935 18 18.2903 4.4516 2.6774
 0.0313 13.5625 1.875 4.625 2.4688 0.4688
 0.1875 5.0938 8 9.2188 1.5625 3.3125
 0.9355 19.8387 6.8065 10 0.7097 2.5161
 0.7188 61.2813 14.4688 18.375 4.2813 5.875
 0.0313 4.2188 34.2188 27.4375 7.0938 4.9375
 0.0938 8.0625 66.5313 16.0625 19.9688 6.2188
 0.0313 95.4688 76.9688 31.4688 19.8438 11.1875
 2.3125 16.5625 66.4375 15 1.3125 1.4063
 4.2813 5.0625 6.5625 33.9688 2.375 0.625
 0.6563 12.2188 4.5313 4.25 18.0625 3.1875
 3.5625 8.2813 2.4063 1.1563 1 4.4375
 24.4063 5.375 3.1563 1.0313 0.9375 9.0938
 1.31 59.78 3.72 1.38 0.41 1.69
 2.5164 61.4913 69.9443 1.5092 0.1667 0.672
 15.0915 2.8147 23.2713 23.8015 0.7295 1.2915
 10.7391 12.4904 0.2766 6.2517 6.2294 0.4128
 4.2342 28.1221 12.7413 0.0313 3.7349 2.6675
 0.0313 52.8343 21.7544 12.3055 0.3264 6.1794
 8.0608 8.587 31.6479 8.4684 2.4017 1.6342
 10.439 11.5098 3.8573 14.1933 1.7618 2.6387
 4.6047 6.8066 0.9795 0.5386 4.8511 1.2195
 13.7073 2.4275 0.4509 0.3697 0.9159 0.7288
 8.8578 17.0956 0.9654 0.2388 0.0865 0.8558
 1.3758 29.9546 10.91 1.1522 0.134 0.3734
 8.0303 2.681 8.029 1.1483 0.1841 0.3023
 9.1083 7.1704 1.9189 1.0238 0.8461 0.4012
 11.5485 4.2323 0.5029 0.0674 0.5149 0.3839
 3.982 7.4815 0.8333 0.0313 0.0182 0.3724
 0.6392 11.0006 2.8636 0.8095 0.2055 0.1281
 35.5322 8.3829 2.0924 0.3119 0.06 0.1429
 42.138 20.0667 2.8612 0.6914 0.0469 0.0547
 8.8367 19.3563 5.6346 0.1266 0.136 0.0039
 15.3739 7.3906 7.7618 1.0067 0.2442 0.129
Predicted Gill Net by Year and Age
 10.9884 10.9749 9.18218 3.326 1.14273 0.61871
 1.52254 12.481 7.68873 4.79218 1.5059 0.80291
 4.33498 1.72936 8.74389 4.01275 2.16974 1.05209
 12.7578 4.92383 1.21155 4.56344 1.81684 1.46534
 9.32227 14.4908 3.44952 0.632306 2.06617 1.50888
 7.16263 10.5886 10.1519 1.8003 0.286288 1.63996
 12.8534 8.13557 7.4181 5.29828 0.815118 0.917446
 8.28904 14.5993 5.69958 3.8715 2.39889 0.802384
 18.3442 9.41499 10.2279 2.97461 1.75289 1.44605
 25.1463 20.836 6.59592 5.33795 1.34681 1.47135
 19.0397 28.562 14.5972 3.44241 2.41685 1.30428
 23.7691 21.626 20.0099 7.61829 1.55861 1.69607
 62.1167 26.9977 15.1506 10.4432 3.44931 1.50619
 6.35678 70.5544 18.914 7.90712 4.72832 2.24925
 2.81033 7.22025 49.4287 9.8712 3.58009 3.17231
 4.03879 3.19207 5.05834 25.7968 4.46936 3.11066
 3.20998 4.5874 2.23629 2.63995 11.68 3.4735
 5.55061 3.64601 3.21382 1.16712 1.19528 6.83168
 44.0413 6.30458 2.55431 1.67729 0.528433 3.82304
 15.0223 50.0236 4.41684 1.33309 0.759423 2.07739
 2.8749 17.0628 35.0454 2.30515 0.60358 1.33732
 11.8652 3.26542 11.9538 18.2902 1.0437 0.911531
 16.0271 13.477 2.28767 6.2387 8.28119 0.900438
 22.953 18.2041 9.44163 1.19394 2.82468 4.09012
 3.12613 26.0708 12.7534 4.92759 0.540575 3.21991
 3.21927 3.55077 18.2646 6.65599 2.23105 1.79182
 4.06899 3.65657 2.48759 9.53229 3.01361 1.84922
 3.26826 4.6217 2.5617 1.29827 4.31591 2.22238
 10.6809 3.71221 3.23785 1.33695 0.587814 2.97728
 9.02346 12.1318 2.60068 1.68984 0.605328 1.69564
 1.66673 10.2492 8.49923 1.3573 0.765102 1.08515
 3.48561 1.89313 7.18032 4.43575 0.61454 0.861197
 3.75166 3.95908 1.32628 3.74741 2.00836 0.686705
 6.90587 4.26126 2.77363 0.692186 1.6967 1.21785
 6.4229 7.84394 2.98534 1.44756 0.313399 1.33647
 3.83466 7.29536 5.49528 1.55805 0.655407 0.78302
 17.4593 4.35554 5.11096 2.86798 0.705433 0.667036
 20.29 19.8309 3.05139 2.66741 1.29853 0.633174
 9.23404 23.0461 13.893 1.59252 1.20771 0.878665
 19.9338 10.4884 16.1455 7.25077 0.721041 0.956991
Gill Net Log Residuals by Year and Age
 -5.86098 -0.73738 -0.665711 -0.796305 -1.11425 -1.59932
 -3.85307 -1.46955 -0.996409 -1.01201 -1.27832 -1.60498
 -4.93086 0.0808584 0.319156 -0.744312 -0.433646 -1.0316
 -6.01028 -1.12797 0.453266 0.893929 1.00608 -0.589724
 -3.39556 -0.66698 -1.01509 -3.00576 0.423702 -1.47907
 -5.43301 0.443585 0.868174 2.18072 1.28158 0.827084
 -5.98629 -0.272745 0.886449 1.23899 1.69769 1.07101
 -5.57907 -0.0736649 -1.11178 0.177833 0.0287265 -0.537411
 -4.58329 -0.614279 -0.24568 1.13113 -0.114979 0.82887
 -3.29138 -0.0490497 0.0314272 0.627743 -0.640649 0.536531
 -3.2767 0.763396 -0.00883732 1.67482 0.571792 1.50505
 -6.63252 -1.63434 0.536549 1.28136 1.51543 1.06854
 -6.49561 -1.20853 1.47963 0.430541 1.756 1.418
 -5.31366 0.302416 1.4035 1.38123 1.43432 1.6042
 -0.194971 0.830251 0.29573 0.418429 -1.00345 -0.813497
 0.0583124 0.461192 0.260334 0.275191 -0.632247 -1.60484
 -1.5874 0.979663 0.706192 0.476161 0.435963 -0.0859267
 -0.443446 0.820367 -0.28937 -0.0093118 -0.178381 -0.43148
 -0.590286 -0.159519 0.21162 -0.486361 0.573302 0.866546
 -2.43951 0.178176 -0.171701 0.0345823 -0.616402 -0.206384
 -0.13319 1.28199 0.691056 -0.423566 -1.28668 -0.688162
 0.240519 -0.148532 0.66617 0.263385 -0.358164 0.348434
 -0.400389 -0.0760207 -2.11272 0.00208205 -0.284706 -0.779918
 -1.69025 0.434907 0.29972 -3.64139 0.279327 -0.427432
 -4.60393 0.706344 0.534019 0.915197 -0.50451 0.651869
 0.917857 0.883084 0.549707 0.240825 0.0737048 -0.0920768
 0.942154 1.14667 0.438655 0.398085 -0.536804 0.355521
 0.342819 0.387129 -0.961385 -0.879815 0.116898 -0.600138
 0.249469 -0.424765 -1.97142 -1.28546 0.443496 -1.40737
 -0.0185297 0.342993 -0.990987 -1.95676 -1.94563 -0.683778
 -0.191828 1.07249 0.249704 -0.163822 -1.74217 -1.06682
 0.83458 0.347958 0.111716 -1.35141 -1.20539 -1.0469
 0.886989 0.593951 0.369373 -1.29754 -0.864436 -0.537445
 0.514183 -0.00682045 -1.70752 -2.32921 -1.19247 -1.15446
 -0.478086 -0.0473077 -1.27608 -3.83402 -2.84606 -1.27782
 -1.79162 0.410711 -0.651809 -0.654773 -1.15981 -1.81035
 0.710569 0.654744 -0.893075 -2.21868 -2.46447 -1.5407
 0.730823 0.0118228 -0.0643563 -1.35014 -3.32097 -2.44888
 -0.0439835 -0.174478 -0.90246 -2.53204 -2.18383 -5.41743
 -0.259743 -0.350057 -0.732429 -1.97443 -1.08271 -2.00398
Observed Gill Net Proportion by Age
 0.00260831 0.437496 0.39323 0.124999 0.0312497 0.0104166
 0.00400516 0.356 0.351995 0.215993 0.0520051 0.020001
 0.00177587 0.106382 0.682619 0.108158 0.0797892 0.0212764
 0.00152914 0.0778641 0.0931311 0.545034 0.242748 0.0396942
 0.0249374 0.593509 0.0997494 0.00249773 0.251871 0.0274351
 0.00050946 0.268565 0.393692 0.25941 0.0167861 0.0610375
 0.000650618 0.124756 0.362574 0.368421 0.0896685 0.0539308
 0.00135901 0.58887 0.0814106 0.200813 0.107193 0.0203548
 0.00684929 0.186074 0.292236 0.336759 0.0570774 0.121004
 0.0229253 0.486165 0.166799 0.245059 0.0173918 0.0616593
 0.0068457 0.58363 0.137798 0.175 0.0407742 0.0559523
 0.000401603 0.0541304 0.439053 0.352044 0.0910189 0.0633519
 0.000802137 0.068947 0.568947 0.137359 0.170764 0.0531805
 0.000133209 0.406304 0.32757 0.133927 0.0844528 0.0476127
 0.0224446 0.160752 0.644828 0.145587 0.0127388 0.0136493
 0.0809701 0.0957445 0.124113 0.642435 0.0449172 0.0118203
 0.0152961 0.284778 0.105609 0.0990528 0.420974 0.0742896
 0.170913 0.397301 0.115444 0.0554743 0.0479757 0.212892
 0.554686 0.122159 0.0717338 0.0234385 0.0213067 0.206676
 0.0191829 0.875384 0.0544736 0.0202079 0.00600381 0.0247474
 0.0184622 0.451147 0.513165 0.0110726 0.00122304 0.0049303
 0.225246 0.0420104 0.347333 0.355246 0.0108881 0.0192761
 0.29503 0.343143 0.0075989 0.17175 0.171137 0.0113407
 0.0821675 0.545729 0.247254 0.000607398 0.0724783 0.0517647
 0.000335006 0.565488 0.232838 0.131706 0.00349348 0.0661384
 0.132579 0.141234 0.520525 0.139283 0.0395016 0.0268783
 0.235113 0.25923 0.0868763 0.31967 0.0396803 0.0594303
 0.242353 0.358242 0.0515526 0.0283474 0.255321 0.0641842
 0.736948 0.13051 0.0242418 0.0198762 0.0492417 0.0391826
 0.315225 0.608387 0.034356 0.00849825 0.0030783 0.0304556
 0.0313394 0.682337 0.248519 0.026246 0.00305239 0.00850569
 0.394125 0.131583 0.394061 0.0563583 0.00903558 0.0148368
 0.444987 0.35031 0.093748 0.0500178 0.0413363 0.0196007
 0.669482 0.245352 0.0291538 0.00390727 0.0298494 0.0222552
 0.313082 0.588228 0.0655177 0.00246094 0.00143096 0.0292797
 0.0408526 0.703071 0.183019 0.0517368 0.0131339 0.00818713
 0.763767 0.180191 0.0449763 0.00670431 0.0012897 0.00307165
 0.639822 0.304692 0.0434444 0.0104982 0.000712129 0.000830564
 0.259186 0.567732 0.165266 0.00371325 0.00398896 0.000114389
 0.481847 0.231635 0.243269 0.0315519 0.00765368 0.0040431
Predicted Gill Net Proportion by Age
 0.303271 0.302898 0.253421 0.0917951 0.0315385 0.0170759
 0.0528784 0.433469 0.267032 0.166434 0.0523005 0.0278853
 0.196662 0.0784545 0.396678 0.182043 0.0984331 0.0477292
 0.477128 0.184145 0.0453104 0.170667 0.0679476 0.0548018
 0.296228 0.460465 0.109613 0.0200924 0.0656554 0.0479468
 0.226453 0.334767 0.320962 0.0569182 0.00905124 0.0518488
 0.362701 0.229573 0.209327 0.149509 0.0230013 0.0258889
 0.232442 0.409395 0.159828 0.108565 0.0672698 0.0225005
 0.415397 0.213198 0.231607 0.0673588 0.0396934 0.0327451
 0.414037 0.343069 0.108603 0.0878901 0.0221754 0.024226
 0.274496 0.411779 0.210448 0.0496292 0.0348437 0.0188039
 0.311611 0.283516 0.262329 0.0998755 0.0204333 0.0222355
 0.519094 0.225613 0.12661 0.0872708 0.0288251 0.0125868
 0.0574184 0.637291 0.170843 0.071422 0.0427091 0.0203167
 0.0369377 0.0948999 0.649669 0.129743 0.0470551 0.0416954
 0.0884418 0.0699002 0.110768 0.564902 0.0978704 0.0681177
 0.115355 0.164854 0.0803637 0.0948697 0.419734 0.124825
 0.256919 0.168761 0.148757 0.0540219 0.0553255 0.316215
 0.747362 0.106986 0.0433456 0.028463 0.00896729 0.0648755
 0.204017 0.679367 0.0599848 0.0181046 0.0103137 0.0282129
 0.0485386 0.288082 0.591691 0.0389192 0.0101906 0.0225787
 0.250692 0.0689927 0.252564 0.38644 0.0220515 0.0192591
 0.33947 0.285456 0.0484553 0.132142 0.175404 0.0190722
 0.390972 0.310082 0.160825 0.020337 0.0481144 0.0696694
 0.0617344 0.514843 0.251852 0.0973093 0.0106752 0.0635863
 0.0901417 0.0994238 0.51142 0.186372 0.0624708 0.050172
 0.165351 0.148591 0.101087 0.387361 0.122463 0.0751464
 0.178709 0.252715 0.140074 0.0709894 0.235994 0.12152
 0.474012 0.164745 0.143694 0.059333 0.0260868 0.13213
 0.325208 0.437233 0.0937294 0.0609022 0.0218162 0.0611113
 0.0705563 0.43387 0.359791 0.0574574 0.0323885 0.0459366
 0.188712 0.102495 0.388745 0.240152 0.0332713 0.0466254
 0.242363 0.255763 0.0856799 0.242089 0.129743 0.0443623
 0.393553 0.242842 0.158064 0.0394464 0.096692 0.0694028
 0.315628 0.385459 0.146703 0.0711345 0.0154008 0.0656754
 0.195429 0.371799 0.28006 0.0794041 0.033402 0.0399057
 0.560198 0.139752 0.16399 0.0920222 0.0226346 0.0214025
 0.424731 0.41512 0.0638749 0.055837 0.0271822 0.0132543
 0.185229 0.46229 0.278685 0.0319449 0.024226 0.0176255
 0.35919 0.188991 0.290929 0.130653 0.0129926 0.0172442
Gill Net Catchability Parameter q
0.000113035
Gill Net Selectivities
 0.45553 0.745912 0.916052 1 1.02341 1.00548
Gill Net Selectivity Parameters for Double Logistic Function
 0 0 0 0
Gill Net Gamma Selectivity Parameters (Shape, Scale, Location)
2 0.2 0
Observed Total Offshore Gill Net Catch By Year
 166.25 43.625 47.5 16.4286 6.45 63.45 61.65 54.5 22.95 16.5499 29.1999 58.4 41.5 34.4 17.9 24.3 25.8999 35.3001 18.55 12.3499 15.7 12.45 14.4199 29.7501 69.2 42.3501 50.2499
Predicted Total Offshore Gill Net Catch By Year
 93.5079 64.2612 38.5705 23.5034 18.2477 49.7726 62.1917 50.0262 39.9758 39.8763 49.5856 42.7703 30.1644 20.7847 15.4466 19.0319 23.4355 19.9522 15.6006 13.0743 14.821 17.1877 16.573 26.3237 40.3487 42.1061 46.8735
Total Offshore Gill Net Catch By Year Log Residuals
 0.575447 -0.387326 0.208241 -0.358119 -1.03996 0.242787 -0.00874905 0.0856533 -0.554957 -0.879402 -0.529536 0.311472 0.319031 0.50384 0.147409 0.24436 0.0999878 0.570545 0.173159 -0.0570015 0.0576151 -0.322475 -0.139164 0.122364 0.539442 0.00577768 0.069556
Observed Offshore Gill Net by Year and Age
 0.125 75.75 53.125 15.5 13 8.75
 0.375 3.75 28.375 9 1 1.125
 4 2.5 3 31.75 4.5 1.75
 0.1429 3.7143 1 1.2857 8.5714 1.7143
 0.65 1.1 0.45 0.3 0.6 3.35
 51.75 6.9 0.8 0.25 0.45 3.3
 2.1 50.9 4.5 1.25 0.35 2.55
 0.6206 20.3253 31.202 1.3655 0.1823 0.8043
 5.555 1.8311 6.0733 8.8042 0.05 0.6364
 3.2699 4.6151 0.05 2.7412 5.7985 0.0752
 6.8517 13.0935 5.3021 0.3214 1.9297 1.7015
 0.05 40.2536 11.6824 2.8014 0.05 3.5626
 4.3119 4.1529 22.4589 6.0657 1.9982 2.5124
 8.5529 5.8085 2.7249 14.78 1.7567 0.777
 4.5003 5.638 1.0185 0.4214 5.1919 1.1299
 16.2812 1.6049 1.714 0.5223 2.4981 1.6795
 5.2554 14.3883 1.6764 0.6545 0.0676 3.8577
 0.4916 24.5969 4.9085 2.1071 1.2765 1.9195
 4.0099 2.1361 9.3348 1.9492 0.3863 0.7337
 3.6332 3.973 1.7642 1.4406 1.0008 0.5381
 9.4956 3.7643 0.7569 0.1312 0.8484 0.7036
 4.3045 6.148 1.1141 0.0667 0.0813 0.7354
 0.2727 8.5553 3.3782 1.3919 0.3604 0.4614
 17.2895 7.1455 2.9878 1.413 0.4929 0.4214
 27.431 31.1349 7.8372 2.0032 0.3901 0.4036
 7.191 17.5224 15.6096 1.1363 0.6245 0.2663
 17.1261 10.4474 17.3735 3.8373 0.9377 0.5279
Predicted Offshore Gill Net by Year and Age
 5.36907 59.5918 15.9752 6.67853 3.99364 1.89977
 2.37366 6.09838 41.7486 8.33743 3.02382 2.6794
 3.41125 2.69609 4.27238 21.7886 3.77491 2.62734
 2.71122 3.87462 1.88882 2.22976 9.86515 2.9338
 4.68817 3.0795 2.71446 0.985773 1.00956 5.77019
 37.1982 5.32499 2.15742 1.41668 0.446326 3.22903
 12.6881 42.251 3.73056 1.12596 0.641425 1.75461
 2.42821 14.4116 29.6001 1.94698 0.509797 1.12953
 10.0216 2.75804 10.0965 15.4483 0.881528 0.769899
 13.5368 11.3829 1.93222 5.26934 6.99447 0.760529
 19.3866 15.3756 7.97461 1.00842 2.38578 3.4546
 2.6404 22.02 10.7718 4.16195 0.456582 2.7196
 2.71907 2.99906 15.4267 5.62179 1.88439 1.51341
 3.43676 3.08842 2.10107 8.05118 2.54536 1.56189
 2.76045 3.90359 2.16367 1.09655 3.64531 1.87707
 9.02134 3.13541 2.73476 1.12922 0.496481 2.51468
 7.62141 10.2468 2.19659 1.42727 0.511274 1.43217
 1.40776 8.65667 7.17863 1.1464 0.646222 0.916537
 2.94402 1.59898 6.06466 3.74653 0.519054 0.727386
 3.16873 3.34392 1.12021 3.16514 1.69631 0.580006
 5.83285 3.59916 2.34267 0.584636 1.43307 1.02862
 5.42492 6.62516 2.52148 1.22264 0.264704 1.12881
 3.23884 6.16182 4.64143 1.31596 0.553571 0.661356
 14.7465 3.67879 4.31682 2.42236 0.595824 0.563393
 17.1374 16.7496 2.57727 2.25295 1.09677 0.534792
 7.79927 19.4652 11.7343 1.34508 1.02006 0.742139
 16.8365 8.85869 13.6369 6.12415 0.609007 0.808295
Offshore Gill Net Log Residuals by Year and Age
 -3.7601 0.239921 1.20161 0.841943 1.18025 1.52732
 -1.84526 -0.486268 -0.386156 0.0764696 -1.10652 -0.86781
 0.159216 -0.0755118 -0.353559 0.376507 0.1757 -0.406354
 -2.94301 -0.0422564 -0.63595 -0.550588 -0.140577 -0.537292
 -1.97583 -1.02946 -1.7971 -1.18964 -0.52034 -0.543745
 0.330164 0.259111 -0.992058 -1.73461 0.00819873 0.0217421
 -1.79873 0.186234 0.187519 0.104509 -0.60576 0.373847
 -1.36422 0.34383 0.0527055 -0.354758 -1.02836 -0.339581
 -0.590048 -0.409604 -0.508282 -0.562268 -2.86963 -0.190432
 -1.42065 -0.902781 -3.6544 -0.653509 -0.187521 -2.31386
 -1.04009 -0.160667 -0.408159 -1.14346 -0.212163 -0.708197
 -3.96666 0.603249 0.0811532 -0.395864 -2.21174 0.270005
 0.461089 0.325508 0.375589 0.0759993 0.0586411 0.506875
 0.911742 0.631664 0.259985 0.607456 -0.370836 -0.698214
 0.488752 0.367632 -0.753475 -0.95634 0.353658 -0.507583
 0.590418 -0.669699 -0.467215 -0.77104 1.61574 -0.403649
 -0.371706 0.339454 -0.27026 -0.779649 -2.0233 0.990878
 -1.05209 1.04429 -0.380141 0.608684 0.680734 0.739217
 0.308991 0.289616 0.431271 -0.653411 -0.295393 0.00864321
 0.136783 0.172377 0.454184 -0.787139 -0.527653 -0.074994
 0.487322 0.0448622 -1.12982 -1.49427 -0.524224 -0.379762
 -0.231343 -0.0747479 -0.8168 -2.90856 -1.18047 -0.428505
 -2.4746 0.328179 -0.317679 0.0561019 -0.429176 -0.360026
 0.159095 0.663899 -0.367983 -0.539028 -0.18964 -0.290395
 0.470413 0.619957 1.11215 -0.117495 -1.03372 -0.281454
 -0.0812004 -0.105149 0.285366 -0.168674 -0.490667 -1.02491
 0.0170554 0.164954 0.242169 -0.467472 0.4316 -0.426021
Observed Offshore Gill Net Proportion by Age
 0.00075188 0.455639 0.319549 0.0932331 0.0781955 0.0526316
 0.00859599 0.0859599 0.65043 0.206304 0.0229226 0.025788
 0.0842105 0.0526316 0.0631579 0.668421 0.0947368 0.0368421
 0.00869825 0.226087 0.0608695 0.0782599 0.521736 0.104349
 0.100775 0.170543 0.0697674 0.0465116 0.0930233 0.51938
 0.815603 0.108747 0.0126084 0.00394011 0.0070922 0.0520095
 0.0340633 0.825629 0.0729927 0.0202758 0.00567721 0.0413625
 0.0113872 0.372941 0.572514 0.025055 0.00334495 0.0147578
 0.242048 0.0797865 0.264632 0.383625 0.00217865 0.0277298
 0.197578 0.27886 0.00302117 0.165632 0.350365 0.00454383
 0.234648 0.448409 0.181579 0.0110069 0.0660858 0.0582707
 0.000856164 0.689274 0.200041 0.0479692 0.000856164 0.0610034
 0.103901 0.10007 0.541178 0.146161 0.0481494 0.0605398
 0.248631 0.168852 0.0792122 0.429651 0.0510669 0.0225872
 0.251413 0.314972 0.0568994 0.0235419 0.29005 0.0631229
 0.670008 0.0660453 0.070535 0.0214938 0.102802 0.0691152
 0.202912 0.555535 0.0647261 0.0252704 0.00261005 0.148947
 0.0139263 0.696794 0.139051 0.059691 0.0361614 0.0543766
 0.216167 0.115154 0.503224 0.105078 0.0208248 0.0395526
 0.294189 0.321703 0.142851 0.116649 0.0810371 0.0435712
 0.604815 0.239764 0.0482102 0.00835669 0.0540382 0.0448153
 0.345743 0.493815 0.0894859 0.00535743 0.00653012 0.0590683
 0.0189114 0.593298 0.234273 0.0965263 0.0249932 0.0319974
 0.581158 0.240184 0.10043 0.0474956 0.016568 0.0141647
 0.396402 0.449926 0.113254 0.028948 0.00563728 0.00583237
 0.169799 0.413751 0.368585 0.0268311 0.0147461 0.00628806
 0.340819 0.207909 0.345742 0.0763643 0.0186607 0.0105055
Predicted Offshore Gill Net Proportion by Age
 0.0574184 0.637291 0.170843 0.071422 0.0427091 0.0203167
 0.0369377 0.0948999 0.649669 0.129743 0.0470551 0.0416954
 0.0884418 0.0699002 0.110768 0.564902 0.0978704 0.0681177
 0.115355 0.164854 0.0803637 0.0948697 0.419734 0.124825
 0.256919 0.168761 0.148757 0.0540219 0.0553255 0.316215
 0.747362 0.106986 0.0433456 0.028463 0.00896729 0.0648755
 0.204017 0.679367 0.0599848 0.0181046 0.0103137 0.0282129
 0.0485386 0.288082 0.591691 0.0389192 0.0101906 0.0225787
 0.250692 0.0689927 0.252564 0.38644 0.0220515 0.0192591
 0.33947 0.285456 0.0484553 0.132142 0.175404 0.0190722
 0.390972 0.310082 0.160825 0.020337 0.0481144 0.0696694
 0.0617344 0.514843 0.251852 0.0973093 0.0106752 0.0635863
 0.0901417 0.0994238 0.51142 0.186372 0.0624708 0.050172
 0.165351 0.148591 0.101087 0.387361 0.122463 0.0751464
 0.178709 0.252715 0.140074 0.0709894 0.235994 0.12152
 0.474012 0.164745 0.143694 0.059333 0.0260868 0.13213
 0.325208 0.437233 0.0937294 0.0609022 0.0218162 0.0611113
 0.0705563 0.43387 0.359791 0.0574574 0.0323885 0.0459366
 0.188712 0.102495 0.388745 0.240152 0.0332713 0.0466254
 0.242363 0.255763 0.0856799 0.242089 0.129743 0.0443623
 0.393553 0.242842 0.158064 0.0394464 0.096692 0.0694028
 0.315628 0.385459 0.146703 0.0711345 0.0154008 0.0656754
 0.195429 0.371799 0.28006 0.0794041 0.033402 0.0399057
 0.560198 0.139752 0.16399 0.0920222 0.0226346 0.0214025
 0.424731 0.41512 0.0638749 0.055837 0.0271822 0.0132543
 0.185229 0.46229 0.278685 0.0319449 0.024226 0.0176255
 0.35919 0.188991 0.290929 0.130653 0.0129926 0.0172442
Offshore Gill Net Catchability Parameter q
9.54718e-05
Offshore Gill Net Selectivities
 0.45553 0.745912 0.916052 1 1.02341 1.00548
Offshore Gill Net Selectivity Parameters for Double Logistic Function
 0 0 0 0
Offshore Gill Net Gamma Selectivity Parameters (Shape, Scale, Location)
2 0.2 0
TrawlYOYLogLike
-46.9892
TrawlOnePlusLogLike
-2.426
Observed Trawl for YOY
 15493 1 3625 3653 5086 123 4683 2610 2381 7104 639 4941 3369 3831 725 1760 388 41 4962 1983 2291 8471 3542 8436 2150 8915 17413 935 165 845 99.99 99.99 99.99 99.99 99.99 99.99 99.99 99.99 99.99 99.99
Predicted Trawl for YOY
 2137.02 296.104 843.067 2481.14 1812.99 1392.99 2499.72 1612.05 3567.59 4890.45 3702.84 4622.6 12080.5 1236.27 546.552 785.463 624.276 1079.48 8565.14 2921.53 559.111 2307.55 3116.95 4463.9 607.97 626.084 791.337 635.611 2077.22 1754.88 324.145 677.88 729.622 1343.05 1249.13 745.765 3395.48 3945.99 1795.84 3876.71
Trawl YOY Residuals
 1.98098 -5.69071 1.45856 0.386829 1.03151 -2.42702 0.62776 0.481842 -0.404369 0.373374 -1.75695 0.0666096 -1.27697 1.13103 0.282543 0.806796 -0.475588 -3.27067 -0.545891 -0.387497 1.4104 1.30046 0.127838 0.636486 1.2631 2.65601 3.09125 0.385959 -2.53284 -0.73082 -1.17612 -1.9139 -1.98746 -2.59763 -2.52513 -2.00934 -3.52513 -3.67539 -2.88816 -3.65767
Trawl YOY Catchability Parameter q
0.0100139
Observed Trawl for Age 1+
 239 360 464 2361 151 566 1488 1633 175 366 25 55 203 4228 19 1776 5946 445 423 60 1339 508 105 276 5 4 99.99 99.99 99.99 99.99 99.99 99.99 99.99 99.99 99.99 99.99 99.99
Predicted Trawl for Age 1+
 184.267 201.473 188.423 228.524 214.938 295.759 414.894 434.577 479.748 861.39 606.639 363.812 218.818 139.678 125.204 480.062 459.355 302.017 268.399 299.094 392.423 271.365 178.61 130.074 100.687 155.21 180.7 125.84 100.805 90.1149 115.728 130.459 114.517 227.421 333.018 294.904 355.472
Trawl Age 1+ Residuals
 0.260076 0.580449 0.901194 2.3352 -0.353068 0.64905 1.27717 1.3238 -1.00847 -0.855914 -3.18906 -1.8893 -0.0750337 3.41015 -1.88551 1.3082 2.56065 0.38759 0.454896 -1.60641 1.22734 0.627016 -0.531244 0.7523 -3.00258 -3.65848 -0.591768 -0.22994 -0.00811739 0.103984 -0.146171 -0.265987 -0.135649 -0.821733 -1.20313 -1.08158 -1.26838
Trawl Age 1+ Catchability Parameter q
0.000476341
Observed Effort
 1782 1646 1176 1955 2826 2147 2537 1929 1440 1949 2350 2035 2251 1913 1443 1812 1354 957 912 995 2300 2073 1882 1621 1938 1923 1696 2142 761 1571 1217 2272 2059 2069 3023 2121 1682 1211 290
Semi-Observed F (Observed Effort * Catchability q)
 0.537117 0.496125 0.354461 0.589261 0.851791 0.647132 0.764683 0.581424 0.434034 0.587453 0.708319 0.613374 0.678479 0.576602 0.434938 0.546159 0.408112 0.288452 0.274888 0.299905 0.693248 0.624828 0.567258 0.488589 0.584137 0.579616 0.511195 0.645625 0.229375 0.473519 0.366819 0.684809 0.620608 0.623622 0.91117 0.639296 0.506976 0.36501 0.0874096
Estimated Fishing Mortalities by Year
 0.5 0.5 0.5 0.5 0.5 0.5 0.5 0.5 0.5 0.5 0.5 0.5 0.5 0.5 0.5 0.5 0.5 0.5 0.5 0.5 0.5 0.5 0.5 0.5 0.5 0.5 0.5 0.5 0.5 0.5 0.5 0.5 0.5 0.5 0.5 0.5 0.5 0.5 0.5
F Log Residuals
 0.0716075 -0.00778077 -0.34401 0.164261 0.532733 0.257943 0.424853 0.150873 -0.141486 0.161188 0.348286 0.204367 0.305246 0.142544 -0.139405 0.0883023 -0.203066 -0.550081 -0.598244 -0.511141 0.32678 0.222868 0.126206 -0.0230856 0.155528 0.147758 0.0221437 0.255611 -0.779251 -0.0544165 -0.30974 0.314532 0.216092 0.220937 0.600121 0.245759 0.0138547 -0.314682 -1.744
PosfunPenalty (used to constrain abundances to be positive)
0
FPosfunPenalty (used to prevent logs of negative numbers in calculating F
0
Total Kill Log Likelihood
-283.964
Kill Age Composition Log Likelihood
-3517.58
Total Gill Net Catch Log Likelihood
-473.92
Gill Net Age Composition Log Likelihood
-10404.4
Total Offshore Gill Net Catch Log Likelihood
-100.061
Offshore Gill Net Age Composition Log Likelihood
-6318.15
Trawl YOY Catch Log Likelihood
-46.9892
Trawl Age 1+ Catch Log Likelihood
-2.426
F Log Likelihood
-0.845442
Total Log Likelihood
-21148.4
Number of Parameters
50
AIC (the smaller the better)
42396.7
Retrospective Analysis Quantities:  Age 3+, Age 1, Total Kill, F, Gill Net, Offshore Gill Net, Trawl YOY, Trawl 1+
 133424 136732 147958 80670.9 70044.8 130874 133632 117091 152968 135512 203796 289041 281777 313279 623549 343076 176481 111805 77712.5 79292.4 375830 294297 156795 162151 199764 270327 150676 93087.8 74374.8 60217.9 110251 121476 69364.5 58292.5 56105.6 79409.8 86698.9 69863.1 166432 234726
