Predicted Abundance
 398716 227323 180237 75404.9 31475.4 25043.2
 59946 292377 144487 83842.9 26787.2 19448.2
 174856 44258.5 205835 91684.6 48637.7 26512.1
 524158 129278 31819.1 139212 58821.5 47822.1
 400584 386962 90915.6 20125.9 80347.3 60882.2
 278931 295966 275365 59604.3 12292.6 85495.8
 531528 206158 211751 183514 37360.6 61421.8
 376556 392569 145904 136539 109187 58506
 849043 278615 285471 102159 92527.6 113061
 1.18333e+06 627880 201021 195171 66670.5 133652
 908729 874959 452009 136508 126019 129079
 1.17047e+06 672094 632342 310608 89806.8 167102
 2.61238e+06 865514 484379 430868 201632 166395
 240558 1.92987e+06 614702 315676 260707 220740
 110296 175888 1.17426e+06 250456 90963.1 133481
 168703 81411.5 123352 736497 142640 127011
 143762 124543 57234.6 77944.2 424412 153808
 270411 106119 87409.4 35980.2 44552.5 324730
 2.04893e+06 199777 75444.8 57144 21878.3 225128
 678295 1.50973e+06 136505 43720.8 28723.1 124998
 122770 501341 1.08056e+06 91077.7 27454.9 96599.5
 523726 90249.1 330688 562576 38653.4 52659.5
 758733 385681 61139.1 186707 271373 43552.4
 1.11016e+06 559664 267808 37206.7 101385 166551
 140053 820180 397911 175106 22629.4 162291
 134134 103265 566049 237705 92342.2 97949.1
 175823 98514.2 67196.5 282805 94523.9 74081.4
 167451 129217 64741.7 34595.3 117919 68538.4
 664443 123883 93802.1 45092.5 23249.5 124640
 516018 491967 91037.2 67808.1 32137.1 105433
 73644.3 381790 357570 63643.9 45838.8 92981.9
 148678 53304 199568 91838.5 8848.25 18924.7
 170109 108669 32257.6 79978.4 25781 7709.64
 342048 125939 79727.4 23203.7 56557.4 23602.8
 344646 250575 78870.4 35456.6 7677.75 25206.9
 206973 255239 184746 57587.5 25672.2 23808.9
 886580 149519 129608 43453.7 6967.45 5609.26
 1.03447e+06 656414 109806 93511 30874.8 8919.45
 543132 751962 365885 34280.5 17694.1 6826.56
 1.51563e+06 402202 553750 266181 24678.3 17618.5
Three Plus Abundance By Year
 312160 274565 372669 277675 252271 432758 494048 450137 593219 596514 843616 1.19986e+06 1.28327e+06 1.41183e+06 1.64916e+06 1.1295e+06 713399 492672 379595 333946 1.29569e+06 984577 562771 572950 757937 994045 518606 285794 286784 296415 560034 319179 145727 183091 147212 291815 185639 243112 424686 862228
Instantaneous F Matrix
 0.0102069 0.153184 0.465326 0.734948 0.811176 0.713719
 0.00339625 0.0509703 0.154832 0.244546 0.26991 0.237483
 0.00199774 0.0299818 0.0910756 0.143847 0.158767 0.139692
 0.00346698 0.0520318 0.158057 0.249639 0.275531 0.242428
 0.00268056 0.0402293 0.122205 0.193013 0.213032 0.187438
 0.00232082 0.0348304 0.105804 0.16711 0.184443 0.162283
 0.00304461 0.045693 0.138802 0.219227 0.241965 0.212894
 0.00123748 0.0185718 0.0564156 0.0891043 0.0983461 0.0865306
 0.00176059 0.0264226 0.0802638 0.126771 0.139919 0.123109
 0.00190881 0.028647 0.087021 0.137443 0.151699 0.133473
 0.00164885 0.0247457 0.0751698 0.118725 0.131039 0.115296
 0.00183443 0.0275308 0.0836302 0.132088 0.145788 0.128272
 0.00281095 0.0421863 0.128149 0.202402 0.223395 0.196556
 0.0131139 0.196811 0.597853 0.944264 1.0422 0.916989
 0.00365197 0.0548081 0.16649 0.262959 0.290233 0.255364
 0.00348866 0.0523573 0.159045 0.251201 0.277255 0.243945
 0.0036015 0.0540507 0.16419 0.259325 0.286222 0.251835
 0.00274252 0.0411593 0.125029 0.197475 0.217957 0.191771
 0.00538674 0.0808433 0.245577 0.387871 0.428101 0.376668
 0.0022954 0.034449 0.104646 0.16528 0.182423 0.160506
 0.00773669 0.116111 0.35271 0.557079 0.614858 0.540988
 0.00595836 0.0894221 0.271637 0.429031 0.473529 0.416638
 0.00431381 0.0647409 0.196663 0.310615 0.342832 0.301643
 0.00273921 0.0411096 0.124878 0.197236 0.217693 0.191539
 0.00472038 0.0708426 0.215198 0.33989 0.375143 0.330072
 0.00864075 0.129679 0.393925 0.622176 0.686707 0.604204
 0.00798221 0.119796 0.363903 0.574758 0.634371 0.558156
 0.00135315 0.0203078 0.0616891 0.0974334 0.107539 0.094619
 0.000537544 0.00806736 0.0245062 0.0387058 0.0427203 0.0375877
 0.00127144 0.0190815 0.0579638 0.0915496 0.101045 0.0889051
 0.0232357 0.348718 1.0593 1.67308 1.84661 1.62476
 0.0134768 0.202258 0.614397 0.970395 1.07104 0.942365
 0.000645786 0.00969185 0.0294409 0.0464997 0.0513226 0.0451566
 0.0111935 0.16799 0.510303 0.805986 0.889582 0.782705
 0.00031806 0.00477338 0.0145001 0.0229018 0.0252772 0.0222403
 0.0251658 0.377683 1.14729 1.81206 2 1.75971
 0.000579892 0.00870292 0.0264368 0.041755 0.0460858 0.0405489
 0.018955 0.284473 0.864143 1.36485 1.50641 1.32543
 0.000397917 0.00597188 0.0181408 0.028652 0.0316237 0.0278244
Observed Total Kill By Year
 1.05821e+06 354636 312142 547850 586540 354146 278479 89633 181090 448821 522028 498889 660214 652938 550571 498001 116424 68280 105321 101441 317163 176644 96560 81674 115379 197408 73594 12936 7586 20767 12246 9111 4556 13028 2777 1217 5212 12352 9576
Predicted Total Kill By Year
 151280 55612.7 36787.6 59278.9 48673.3 54131.2 81742.1 36704.7 58996.2 76126.1 86948 122865 217151 981733 261157 216004 150801 75611.5 121518 83309.4 408819 277571 155124 97576.7 205911 348536 203774 24347.1 9429.16 28616.9 454824 156376 6362.89 100087 3445.83 267730 6488.04 303772 11215.8
Total Kill By Year Log Residuals
 1.9452 1.85268 2.1383 2.22375 2.48911 1.8783 1.22577 0.892817 1.12152 1.77423 1.79241 1.40129 1.11197 -0.407837 0.745833 0.835306 -0.258722 -0.101992 -0.14305 0.196916 -0.253857 -0.45194 -0.474063 -0.177903 -0.579221 -0.568469 -1.01845 -0.632399 -0.217503 -0.320633 -3.61471 -2.84278 -0.334038 -2.03894 -0.215794 -5.39359 -0.218997 -3.20246 -0.158066
Observed Kill By Year and Age
 5 220021 401849 214656 126476 95202
 355 10583 105892 115530 74379 47897
 269 2060 77458 109856 82553 39946
 3435 123439 192745 139898 72059 16274
 1771 75597 54778 4657 399947 49790
 1008 24069 149378 118697 13151 47843
 1714 8412 77441 130897 32125 27890
 73 8325 12611 39357 22961 6306
 4995 6242 18789 89370 18155 43539
 2751 72164 93661 213255 14406 52584
 289 45686 62096 210280 83633 120044
 5 6177 101160 148115 101134 142298
 1038 11173 124628 148825 260700 113850
 5 53386 143672 186022 135072 134781
 419 6455 277997 203733 22830 39137
 3420 6693 22551 382132 63617 19588
 33 3209 9883 14816 71605 16878
 223 6025 14474 7112 5789 34657
 3856 8494 21955 7454 7020 56542
 168 5962 75713 6342 2251 11005
 2518 982 87606 196458 7036 22563
 185 23001 999 67619 73837 11003
 197 11186 42555 957 17689 23976
 506 4213 28673 24270 525 23487
 3789 4345 50098 33298 12248 11601
 222 9626 19650 121398 22560 23952
 441 9657 6488 3851 43088 10069
 389 773 2290 996 4750 3738
 1106 1521 382 593 143 3841
 5 4954 8765 1872 792 4379
 440 827 5999 2831 653 1496
 434 2252 2875 1908 1086 556
 707 929 348 74 1074 1424
 55 3021 3069 492 149 6242
 5 129 512 810 324 997
 93 299 238 187 124 276
 378 2811 1264 454 169 136
 38 3502 6268 894 671 979
 79 1167 6008 1510 511 301
Predicted Kill By Year and Age
 3498.96 28000 58608.4 34524.9 15414 11233.9
 175.607 12568.2 17974.7 15810.1 5511.3 3572.83
 301.502 1130.23 15515.4 10650.7 6193.19 2996.62
 1567.41 5670.09 4034.83 26735.6 12322.8 8948.21
 926.507 13195.4 9062.88 3066.73 13389.5 9032.18
 558.653 8760.31 23948 7957.74 1797 11109.5
 1396.09 7964.23 23791.1 31382.1 6978.82 10229.7
 402.342 6243.51 6924.19 10078.6 8857.23 4198.91
 1290.35 6280.93 19059.9 10541.8 10474.1 11349.1
 1949.65 15330.1 14505.5 21727.3 8137.98 14475.6
 1293.48 18487.4 28331.4 13241.8 13415.1 12178.8
 1853.38 15778.5 43920.9 33313.6 10563.8 17435.4
 6335.69 30921.3 50494.2 68552.2 35069.1 25778.2
 2708.52 299332 242540 170534 149545 117073
 347.39 8115.41 156239 50361.1 19940.2 26154.6
 507.629 3592.47 15732.3 142228 30045.9 23897.8
 446.549 5669 7517.95 15481.7 91917 29768.8
 639.871 3700.69 8903.09 5597.82 7579.01 49191
 9510.98 13431.1 14279.7 16025.7 6652.81 61617.7
 1343.65 44205.2 11747.9 5778.1 4156.78 16077.8
 817.588 47618.7 279908 34074.5 11060.5 35340.1
 2688.35 6684.46 68418.8 171371 12745 15663
 2821.91 20922.3 9476.5 43402.5 68629.5 9871.67
 2623.8 19494.1 27246.5 5782.28 17228.2 25201.8
 569.873 48546.9 66918 43961.5 6172.8 39741.6
 997.225 10885.7 160792 96601.5 40307.7 38952.4
 1207.92 9637.55 17869.6 108338 38964.9 27756.5
 195.631 2245.36 3351.33 2781.49 10414.9 5358.41
 308.492 860.127 1963.03 1480.49 840.912 3976.11
 566.475 8037.14 4435.69 5136.7 2675.11 7765.81
 1462.16 97953.5 207084 46464.2 34823.8 67036.9
 1720.04 8475.32 80353.9 50458.3 5157.56 10210.6
 94.8784 905.726 809.111 3143.05 1115.71 294.414
 3290.25 16895.7 27880.3 11314.5 29422.1 11284
 94.6888 1031.01 981.251 693.961 165.669 479.252
 4446.58 70015.8 112005 43429.9 20085.5 17747.8
 444.047 1119.57 2923.37 1536.87 271.428 192.767
 16788.8 141405 56062.9 62155 21518.5 5841.64
 186.681 3868.64 5685.2 837.122 476.231 161.951
Kill Log Residuals by Year and Age
 -6.55078 2.06152 1.9252 1.82736 2.10478 2.13707
 0.703868 -0.171924 1.77346 1.98888 2.60237 2.5957
 -0.114066 0.600282 1.6079 2.33355 2.58999 2.59004
 0.784595 3.08054 3.8664 1.65492 1.76603 0.598115
 0.647878 1.74555 1.7991 0.41776 3.39686 1.70702
 0.590195 1.01069 1.8306 2.70243 1.99038 1.46012
 0.205154 0.0546986 1.1802 1.42817 1.52675 1.00297
 -1.70684 0.287721 0.599549 1.36226 0.952563 0.406678
 1.35353 -0.00621682 -0.0143171 2.13743 0.550039 1.34452
 0.344315 1.54912 1.86516 2.28392 0.571103 1.28995
 -1.49866 0.904703 0.784712 2.76507 1.83005 2.28816
 -5.91533 -0.937815 0.834314 1.49202 2.25902 2.09942
 -1.8089 -1.01794 0.903475 0.775175 2.00605 1.48535
 -6.29472 -1.72401 -0.523633 0.086933 -0.101793 0.140854
 0.187424 -0.22891 0.576226 1.39759 0.135335 0.403043
 1.90764 0.622222 0.360064 0.988337 0.750155 -0.198869
 -2.60504 -0.569054 0.273523 -0.0439524 -0.249721 -0.567449
 -1.0541 0.487398 0.485956 0.239406 -0.269424 -0.350211
 -0.902816 -0.458214 0.430154 -0.765444 0.0537238 -0.0859651
 -2.07918 -2.00344 1.86328 0.0931195 -0.613367 -0.37909
 1.12486 -3.88139 -1.16161 1.7519 -0.452345 -0.448707
 -2.67633 1.23575 -4.22665 -0.929943 1.75672 -0.353131
 -2.66197 -0.626151 1.50198 -3.81447 -1.35578 0.887384
 -1.64584 -1.53194 0.0510306 1.43444 -3.49091 -0.0704696
 1.89444 -2.41351 -0.289487 -0.277818 0.68521 -1.23131
 -1.5023 -0.122979 -2.10203 0.22848 -0.580364 -0.486288
 -1.00761 0.0020159 -1.01315 -3.33692 0.100582 -1.01401
 0.687351 -1.06634 -0.380805 -1.02699 -0.785093 -0.360117
 1.27681 0.570044 -1.63682 -0.914932 -1.77164 -0.0345723
 -4.73 -0.483878 0.681084 -1.0094 -1.21718 -0.572911
 -1.20089 -4.77444 -3.54153 -2.79805 -3.97648 -3.80245
 -1.37706 -1.32534 -3.33039 -3.27509 -1.55796 -2.91041
 2.00843 0.0253716 -0.843734 -3.74889 -0.0380994 1.57624
 -4.09139 -1.72147 -2.20657 -3.13536 -5.28555 -0.592088
 -2.94116 -2.07848 -0.650504 0.154619 0.67075 0.732524
 -3.86729 -5.45603 -6.15403 -5.44779 -5.08747 -4.16361
 -0.161036 0.920598 -0.838455 -1.2194 -0.473799 -0.348827
 -6.09088 -3.6983 -2.19102 -4.24168 -3.4679 -1.78624
 -0.859951 -1.19847 0.0552249 0.589895 0.0704669 0.619816
Observed Kill Proportion by Age
 4.72496e-06 0.207918 0.379744 0.202848 0.119519 0.0899652
 0.00100103 0.0298419 0.298593 0.325771 0.209733 0.13506
 0.000861787 0.00659956 0.24815 0.351942 0.264473 0.127974
 0.00626996 0.225315 0.351821 0.255358 0.131531 0.0297052
 0.0030194 0.128886 0.0933918 0.00793978 0.681875 0.0848876
 0.00284628 0.0679635 0.421798 0.335164 0.0371344 0.135094
 0.00615486 0.0302069 0.278086 0.470043 0.115359 0.100151
 0.000814432 0.0928787 0.140696 0.439091 0.256167 0.0703536
 0.027583 0.034469 0.103755 0.493512 0.100254 0.240427
 0.00612939 0.160786 0.208682 0.475145 0.0320974 0.11716
 0.00055361 0.0875164 0.118951 0.402814 0.160208 0.229957
 1.00223e-05 0.0123815 0.202771 0.29689 0.202718 0.28523
 0.00157222 0.0169233 0.188769 0.225419 0.394872 0.172444
 7.65769e-06 0.0817627 0.220039 0.2849 0.206868 0.206422
 0.000761028 0.0117242 0.504925 0.370039 0.041466 0.0710844
 0.00686746 0.0134397 0.045283 0.767332 0.127745 0.0393333
 0.000283447 0.027563 0.084888 0.127259 0.615036 0.14497
 0.00326596 0.0882396 0.21198 0.104159 0.0847832 0.507572
 0.0366119 0.0806487 0.208458 0.0707741 0.0666534 0.536854
 0.00165614 0.0587731 0.746375 0.0625191 0.0221902 0.108487
 0.00793914 0.0030962 0.276218 0.619423 0.0221842 0.0711401
 0.0010473 0.130211 0.00565544 0.382798 0.417999 0.0622891
 0.00204018 0.115845 0.44071 0.00991094 0.183192 0.248302
 0.00619536 0.0515831 0.351066 0.297157 0.00642799 0.28757
 0.0328396 0.0376585 0.434204 0.288597 0.106154 0.100547
 0.00112457 0.048762 0.09954 0.61496 0.114281 0.121332
 0.00599234 0.13122 0.0881594 0.0523276 0.585483 0.136818
 0.0300711 0.0597557 0.177025 0.0769944 0.367192 0.288961
 0.145795 0.200501 0.0503559 0.0781703 0.0188505 0.506327
 0.000240767 0.238552 0.422064 0.090143 0.0381374 0.210863
 0.0359301 0.0675323 0.489874 0.231178 0.0533235 0.122162
 0.0476347 0.247174 0.315553 0.209417 0.119197 0.0610251
 0.15518 0.203907 0.0763828 0.0162423 0.235733 0.312555
 0.00422168 0.231885 0.23557 0.0377648 0.0114369 0.479122
 0.0018005 0.046453 0.184372 0.291682 0.116673 0.359021
 0.0764174 0.245686 0.195563 0.153657 0.10189 0.226787
 0.0725249 0.539332 0.242517 0.0871067 0.0324252 0.0260936
 0.00307642 0.283517 0.507448 0.0723769 0.0543232 0.0792584
 0.00824979 0.121867 0.627402 0.157686 0.0533626 0.0314327
Predicted Kill Proportion by Age
 0.023129 0.185087 0.387416 0.228218 0.10189 0.0742588
 0.00315768 0.225996 0.323212 0.284289 0.0991014 0.0642449
 0.00819576 0.0307232 0.421756 0.289518 0.16835 0.0814573
 0.0264412 0.0956511 0.0680652 0.451013 0.207878 0.150951
 0.0190352 0.271102 0.186198 0.0630065 0.27509 0.185568
 0.0103204 0.161835 0.442406 0.147008 0.0331971 0.205233
 0.0170792 0.0974312 0.291051 0.383917 0.0853761 0.125146
 0.0109616 0.170101 0.188646 0.274585 0.24131 0.114397
 0.0218717 0.106463 0.32307 0.178686 0.177539 0.19237
 0.0256108 0.201377 0.190545 0.285412 0.106901 0.190153
 0.0148764 0.212626 0.325843 0.152295 0.154289 0.14007
 0.0150846 0.128421 0.357471 0.271139 0.0859783 0.141906
 0.0291765 0.142395 0.232531 0.31569 0.161497 0.118711
 0.00275892 0.304902 0.247053 0.173707 0.152328 0.119251
 0.00133019 0.0310748 0.598255 0.192838 0.0763534 0.100149
 0.0023501 0.0166315 0.0728334 0.65845 0.139099 0.110636
 0.00296118 0.0375926 0.0498534 0.102663 0.609525 0.197404
 0.00846262 0.0489435 0.117748 0.074034 0.100236 0.650576
 0.078268 0.110528 0.117511 0.131879 0.0547475 0.507066
 0.0161285 0.530615 0.141015 0.0693571 0.0498957 0.192989
 0.00199988 0.116479 0.684674 0.0833485 0.0270549 0.0864443
 0.00968527 0.024082 0.246491 0.617397 0.0459161 0.0564287
 0.0181913 0.134874 0.0610897 0.279792 0.442416 0.0636372
 0.0268896 0.199782 0.279232 0.0592588 0.176561 0.258277
 0.00276757 0.235767 0.324985 0.213498 0.029978 0.193004
 0.00286118 0.0312326 0.461334 0.277164 0.115649 0.11176
 0.00592772 0.0472953 0.087693 0.531656 0.191216 0.136212
 0.00803506 0.0922227 0.137648 0.114243 0.427767 0.220084
 0.0327168 0.0912198 0.208187 0.157012 0.089182 0.421683
 0.0197951 0.280853 0.155002 0.179499 0.09348 0.271371
 0.00321478 0.215366 0.455305 0.102159 0.0765653 0.147391
 0.0109994 0.0541984 0.513851 0.322673 0.0329819 0.0652954
 0.0149112 0.142345 0.127161 0.493966 0.175346 0.0462705
 0.0328739 0.16881 0.278561 0.113047 0.293965 0.112742
 0.0274793 0.299205 0.284765 0.201391 0.0480782 0.139082
 0.0166084 0.261516 0.418349 0.162215 0.0750213 0.0662897
 0.0684408 0.172559 0.450578 0.236877 0.0418352 0.0297111
 0.0552676 0.465498 0.184556 0.20461 0.0708375 0.0192304
 0.0166444 0.344927 0.506891 0.0746375 0.0424606 0.0144395
Kill Selectivities
 0.0125829 0.188842 0.573644 0.906028 1 0.879857
Kill Gamma Selectivity Parameters (Shape, Scale, Location)
6.55291 1.14041 0
Observed Total Gill Net Catch By Year
 12.0001 8.0646 17.6252 20.469 12.5314 61.4376 49.6451 23.0314 27.3751 40.8065 105 77.9377 116.938 234.969 103.031 52.8751 42.9064 20.8439 44.0002 68.29 136.3 67 36.4 51.5313 93.4313 60.8 44.3999 19 18.6001 28.0999 43.9 20.375 20.4687 17.2499 12.7187 15.6465 46.5223 65.8589 34.0941 31.9062
Predicted Total Gill Net Catch By Year
 26.3312 22.6649 18.9297 21.4703 28.119 31.5467 33.968 35.9658 43.6068 60.4979 76.6288 87.4696 115.306 126.902 76.5162 47.0324 27.7526 20.5577 45.5273 75.9827 75.4638 50.0327 43.4933 55.3666 61.0015 45.4196 24.5914 16.1414 22.6307 34.8943 36.9886 17.3127 11.8629 15.8974 19.5692 24.0891 25.3172 47.8714 53.6258 71.9685
Total Gill Net Catch By Year Log Residuals
 -0.785841 -1.03334 -0.0714004 -0.0477595 -0.808207 0.666554 0.379481 -0.445709 -0.465579 -0.393766 0.31499 -0.115382 0.0140526 0.616037 0.297531 0.117096 0.435692 0.013824 -0.0341178 -0.106742 0.591204 0.292016 -0.178038 -0.0717867 0.426328 0.291647 0.590842 0.163049 -0.196142 -0.216558 0.171304 0.162868 0.545482 0.0816518 -0.430882 -0.431514 0.608448 0.318997 -0.452907 -0.813428
Observed Gill Net by Year and Age
 0.0313 5.25 4.7188 1.5 0.375 0.125
 0.0323 2.871 2.8387 1.7419 0.4194 0.1613
 0.0313 1.875 12.0313 1.9063 1.4063 0.375
 0.0313 1.5938 1.9063 11.1563 4.9688 0.8125
 0.3125 7.4375 1.25 0.0313 3.1563 0.3438
 0.0313 16.5 24.1875 15.9375 1.0313 3.75
 0.0323 6.1935 18 18.2903 4.4516 2.6774
 0.0313 13.5625 1.875 4.625 2.4688 0.4688
 0.1875 5.0938 8 9.2188 1.5625 3.3125
 0.9355 19.8387 6.8065 10 0.7097 2.5161
 0.7188 61.2813 14.4688 18.375 4.2813 5.875
 0.0313 4.2188 34.2188 27.4375 7.0938 4.9375
 0.0938 8.0625 66.5313 16.0625 19.9688 6.2188
 0.0313 95.4688 76.9688 31.4688 19.8438 11.1875
 2.3125 16.5625 66.4375 15 1.3125 1.4063
 4.2813 5.0625 6.5625 33.9688 2.375 0.625
 0.6563 12.2188 4.5313 4.25 18.0625 3.1875
 3.5625 8.2813 2.4063 1.1563 1 4.4375
 24.4063 5.375 3.1563 1.0313 0.9375 9.0938
 1.31 59.78 3.72 1.38 0.41 1.69
 2.5164 61.4913 69.9443 1.5092 0.1667 0.672
 15.0915 2.8147 23.2713 23.8015 0.7295 1.2915
 10.7391 12.4904 0.2766 6.2517 6.2294 0.4128
 4.2342 28.1221 12.7413 0.0313 3.7349 2.6675
 0.0313 52.8343 21.7544 12.3055 0.3264 6.1794
 8.0608 8.587 31.6479 8.4684 2.4017 1.6342
 10.439 11.5098 3.8573 14.1933 1.7618 2.6387
 4.6047 6.8066 0.9795 0.5386 4.8511 1.2195
 13.7073 2.4275 0.4509 0.3697 0.9159 0.7288
 8.8578 17.0956 0.9654 0.2388 0.0865 0.8558
 1.3758 29.9546 10.91 1.1522 0.134 0.3734
 8.0303 2.681 8.029 1.1483 0.1841 0.3023
 9.1083 7.1704 1.9189 1.0238 0.8461 0.4012
 11.5485 4.2323 0.5029 0.0674 0.5149 0.3839
 3.982 7.4815 0.8333 0.0313 0.0182 0.3724
 0.6392 11.0006 2.8636 0.8095 0.2055 0.1281
 35.5322 8.3829 2.0924 0.3119 0.06 0.1429
 42.138 20.0667 2.8612 0.6914 0.0469 0.0547
 8.8367 19.3563 5.6346 0.1266 0.136 0.0039
 15.3739 7.3906 7.7618 1.0067 0.2442 0.129
Predicted Gill Net by Year and Age
 5.33841 8.38476 8.17222 3.02039 0.929355 0.486092
 0.802616 10.7843 6.55125 3.35838 0.790929 0.377491
 2.34114 1.63247 9.33287 3.67249 1.43609 0.514604
 7.01795 4.76839 1.44273 5.57622 1.73679 0.928233
 5.36342 14.273 4.12226 0.806157 2.37236 1.18173
 3.7346 10.9166 12.4855 2.38749 0.362955 1.65948
 7.11663 7.6041 9.60114 7.35078 1.10312 1.1922
 5.04171 14.4798 6.61553 5.46916 3.22391 1.13561
 11.3678 10.2767 12.9437 4.09206 2.73201 2.19453
 15.8436 23.1593 9.11459 7.8177 1.96854 2.5942
 12.167 32.2727 20.4948 5.46793 3.72089 2.50544
 15.6714 24.7901 28.6714 12.4416 2.65167 3.24348
 34.9772 31.9244 21.9625 17.2587 5.95347 3.22974
 3.22083 71.1829 27.8716 12.6446 7.69775 4.28458
 1.47675 6.4876 53.243 10.0322 2.68581 2.59087
 2.25877 3.00285 5.59296 29.5009 4.21165 2.4653
 1.92483 4.59376 2.59511 3.1221 12.5314 2.98542
 3.62054 3.91418 3.96328 1.44121 1.31547 6.30305
 27.4331 7.36875 3.42079 2.28894 0.645987 4.36976
 9.08168 55.6861 6.18934 1.75126 0.84809 2.42622
 1.64376 18.4919 48.9944 3.64818 0.810643 1.87501
 7.01216 3.32882 14.9939 22.5343 1.14129 1.02213
 10.1587 14.2258 2.77214 7.47865 8.01267 0.845358
 14.864 20.6431 12.1428 1.49034 2.99353 3.23278
 1.87517 30.2522 18.0419 7.01398 0.668166 3.15009
 1.79592 3.80892 25.6656 9.52141 2.72653 1.9012
 2.35409 3.63368 3.0468 11.3279 2.79095 1.43793
 2.24199 4.76616 2.93549 1.38574 3.48172 1.33034
 8.89623 4.56939 4.25314 1.80621 0.686474 2.41928
 6.90897 18.1461 4.12777 2.7161 0.948892 2.04647
 0.986023 14.0823 16.2128 2.5493 1.35346 1.80479
 1.99065 1.96611 9.04872 3.67865 0.261257 0.367331
 2.27759 4.00823 1.46261 3.20358 0.761219 0.149645
 4.57967 4.64523 3.61497 0.92944 1.66994 0.458133
 4.61446 9.24241 3.57611 1.42024 0.226696 0.489269
 2.77116 9.41444 8.37669 2.3067 0.758007 0.462133
 11.8704 5.51498 5.87664 1.74057 0.205724 0.108876
 13.8505 24.2117 4.9788 3.74564 0.911622 0.173128
 7.27199 27.736 16.5898 1.37313 0.522442 0.132504
 20.2928 14.8352 25.1079 10.6621 0.728661 0.341977
Gill Net Log Residuals by Year and Age
 -5.13906 -0.468188 -0.549186 -0.699921 -0.907565 -1.35808
 -3.21281 -1.32343 -0.83631 -0.656482 -0.634383 -0.850281
 -4.31478 0.138516 0.253969 -0.655704 -0.0209654 -0.316471
 -5.41261 -1.09589 0.278629 0.693493 1.05114 -0.133166
 -2.84275 -0.651837 -1.19326 -3.24866 0.285513 -1.23468
 -4.78178 0.413072 0.661269 1.89843 1.0443 0.815249
 -5.39512 -0.205188 0.62849 0.911564 1.39512 0.809043
 -5.08188 -0.0654484 -1.26081 -0.167649 -0.266863 -0.884747
 -4.10476 -0.701851 -0.481168 0.812197 -0.558749 0.411734
 -2.82944 -0.15476 -0.291999 0.246195 -1.02021 -0.0305675
 -2.8289 0.641252 -0.348177 1.21209 0.140295 0.852241
 -6.21597 -1.77089 0.176874 0.790864 0.984031 0.420214
 -5.92129 -1.37615 1.10834 -0.0718277 1.2102 0.655176
 -4.63378 0.293547 1.01579 0.911765 0.946964 0.959773
 0.448484 0.937249 0.221396 0.402251 -0.716049 -0.611033
 0.639436 0.522299 0.159864 0.141023 -0.572857 -1.37232
 -1.07598 0.978276 0.55738 0.308412 0.365604 0.0654948
 -0.01616 0.749394 -0.498983 -0.220258 -0.274197 -0.350943
 -0.116908 -0.315489 -0.0804704 -0.797268 0.372438 0.732885
 -1.93623 0.0709407 -0.509105 -0.238254 -0.72683 -0.361606
 0.425841 1.20156 0.355994 -0.882648 -1.58163 -1.02611
 0.766486 -0.167764 0.439576 0.0547083 -0.447559 0.233918
 0.055563 -0.130095 -2.3048 -0.179199 -0.251744 -0.716796
 -1.25575 0.309173 0.04811 -3.86314 0.221269 -0.192201
 -4.09283 0.557591 0.187119 0.562141 -0.716413 0.673789
 1.50149 0.812904 0.209521 -0.117202 -0.126853 -0.151334
 1.48939 1.15295 0.235877 0.2255 -0.460046 0.607083
 0.719712 0.356352 -1.09759 -0.945014 0.331678 -0.0869924
 0.432301 -0.632519 -2.24417 -1.58629 0.288339 -1.19983
 0.248478 -0.0596363 -1.45295 -2.43132 -2.39515 -0.871833
 0.333111 0.754766 -0.39612 -0.794145 -2.31258 -1.57555
 1.39476 0.310133 -0.119563 -1.16426 -0.350026 -0.194844
 1.38607 0.581611 0.271529 -1.14075 0.105716 0.986195
 0.924928 -0.0930959 -1.97245 -2.62394 -1.17657 -0.176777
 -0.14741 -0.211369 -1.45664 -3.81496 -2.52219 -0.272944
 -1.4668 0.155706 -1.07337 -1.04716 -1.30525 -1.28304
 1.09639 0.418726 -1.03267 -1.71928 -1.23219 0.271931
 1.11263 -0.187775 -0.553948 -1.68963 -2.96721 -1.15217
 0.194884 -0.359713 -1.07986 -2.38381 -1.34586 -3.52564
 -0.277593 -0.69679 -1.17397 -2.36001 -1.09322 -0.974932
Observed Gill Net Proportion by Age
 0.00260831 0.437496 0.39323 0.124999 0.0312497 0.0104166
 0.00400516 0.356 0.351995 0.215993 0.0520051 0.020001
 0.00177587 0.106382 0.682619 0.108158 0.0797892 0.0212764
 0.00152914 0.0778641 0.0931311 0.545034 0.242748 0.0396942
 0.0249374 0.593509 0.0997494 0.00249773 0.251871 0.0274351
 0.00050946 0.268565 0.393692 0.25941 0.0167861 0.0610375
 0.000650618 0.124756 0.362574 0.368421 0.0896685 0.0539308
 0.00135901 0.58887 0.0814106 0.200813 0.107193 0.0203548
 0.00684929 0.186074 0.292236 0.336759 0.0570774 0.121004
 0.0229253 0.486165 0.166799 0.245059 0.0173918 0.0616593
 0.0068457 0.58363 0.137798 0.175 0.0407742 0.0559523
 0.000401603 0.0541304 0.439053 0.352044 0.0910189 0.0633519
 0.000802137 0.068947 0.568947 0.137359 0.170764 0.0531805
 0.000133209 0.406304 0.32757 0.133927 0.0844528 0.0476127
 0.0224446 0.160752 0.644828 0.145587 0.0127388 0.0136493
 0.0809701 0.0957445 0.124113 0.642435 0.0449172 0.0118203
 0.0152961 0.284778 0.105609 0.0990528 0.420974 0.0742896
 0.170913 0.397301 0.115444 0.0554743 0.0479757 0.212892
 0.554686 0.122159 0.0717338 0.0234385 0.0213067 0.206676
 0.0191829 0.875384 0.0544736 0.0202079 0.00600381 0.0247474
 0.0184622 0.451147 0.513165 0.0110726 0.00122304 0.0049303
 0.225246 0.0420104 0.347333 0.355246 0.0108881 0.0192761
 0.29503 0.343143 0.0075989 0.17175 0.171137 0.0113407
 0.0821675 0.545729 0.247254 0.000607398 0.0724783 0.0517647
 0.000335006 0.565488 0.232838 0.131706 0.00349348 0.0661384
 0.132579 0.141234 0.520525 0.139283 0.0395016 0.0268783
 0.235113 0.25923 0.0868763 0.31967 0.0396803 0.0594303
 0.242353 0.358242 0.0515526 0.0283474 0.255321 0.0641842
 0.736948 0.13051 0.0242418 0.0198762 0.0492417 0.0391826
 0.315225 0.608387 0.034356 0.00849825 0.0030783 0.0304556
 0.0313394 0.682337 0.248519 0.026246 0.00305239 0.00850569
 0.394125 0.131583 0.394061 0.0563583 0.00903558 0.0148368
 0.444987 0.35031 0.093748 0.0500178 0.0413363 0.0196007
 0.669482 0.245352 0.0291538 0.00390727 0.0298494 0.0222552
 0.313082 0.588228 0.0655177 0.00246094 0.00143096 0.0292797
 0.0408526 0.703071 0.183019 0.0517368 0.0131339 0.00818713
 0.763767 0.180191 0.0449763 0.00670431 0.0012897 0.00307165
 0.639822 0.304692 0.0434444 0.0104982 0.000712129 0.000830564
 0.259186 0.567732 0.165266 0.00371325 0.00398896 0.000114389
 0.481847 0.231635 0.243269 0.0315519 0.00765368 0.0040431
Predicted Gill Net Proportion by Age
 0.202741 0.318434 0.310362 0.114708 0.0352948 0.0184606
 0.0354122 0.475813 0.289048 0.148175 0.0348966 0.0166553
 0.123676 0.0862386 0.493029 0.194007 0.0758648 0.027185
 0.326868 0.222092 0.0671964 0.259718 0.0808925 0.0432333
 0.19074 0.507595 0.146601 0.0286695 0.0843689 0.0420261
 0.118383 0.346048 0.395778 0.0756811 0.0115054 0.0526041
 0.20951 0.223861 0.282653 0.216403 0.0324754 0.0350979
 0.140181 0.402601 0.18394 0.152066 0.0896384 0.0315747
 0.260689 0.235667 0.296828 0.0938399 0.0626509 0.0503255
 0.261886 0.382811 0.15066 0.129223 0.032539 0.0428808
 0.158778 0.421157 0.267456 0.0713561 0.0485573 0.0326958
 0.179164 0.283414 0.327787 0.142239 0.0303153 0.0370812
 0.303342 0.276867 0.190472 0.149677 0.0516319 0.0280102
 0.0253804 0.560927 0.21963 0.0996406 0.0606589 0.0337629
 0.0192999 0.0847872 0.695839 0.131112 0.0351012 0.0338605
 0.0480258 0.0638464 0.118917 0.627246 0.0895478 0.0524171
 0.0693569 0.165526 0.0935087 0.112498 0.451538 0.107573
 0.176116 0.190399 0.192788 0.0701055 0.0639892 0.306602
 0.602563 0.161853 0.0751371 0.0502762 0.014189 0.0959811
 0.119523 0.732879 0.0814573 0.0230482 0.0111616 0.0319312
 0.0217821 0.245043 0.649243 0.0483434 0.0107421 0.0248464
 0.140152 0.066533 0.299683 0.450392 0.022811 0.0204292
 0.233569 0.32708 0.0637373 0.17195 0.184228 0.0194365
 0.268465 0.372845 0.219317 0.0269176 0.0540674 0.0583886
 0.0307397 0.495926 0.295761 0.11498 0.0109533 0.0516396
 0.0395407 0.0838607 0.565078 0.209632 0.0600299 0.0418587
 0.0957284 0.147762 0.123897 0.460646 0.113493 0.0584729
 0.138897 0.295275 0.18186 0.0858496 0.215701 0.0824176
 0.393104 0.201911 0.187936 0.0798122 0.0303337 0.106903
 0.197997 0.520031 0.118293 0.0778378 0.0271933 0.0586475
 0.0266575 0.380719 0.438318 0.0689211 0.0365911 0.0487931
 0.114982 0.113564 0.522663 0.212483 0.0150905 0.0212174
 0.191993 0.33788 0.123293 0.270051 0.0641681 0.0126145
 0.288077 0.292201 0.227394 0.058465 0.105045 0.0288181
 0.235802 0.472294 0.182742 0.0725752 0.0115843 0.025002
 0.115038 0.390817 0.347737 0.0957571 0.0314667 0.0191843
 0.468867 0.217835 0.232121 0.0687503 0.00812585 0.00430049
 0.289326 0.505766 0.104004 0.0782439 0.0190432 0.00361652
 0.135606 0.517213 0.309362 0.0256057 0.00974235 0.0024709
 0.281967 0.206134 0.348874 0.148149 0.0101247 0.00475176
Gill Net Catchability Parameter q
4.00556e-05
Gill Net Selectivities
 0.33426 0.92084 1.13197 1 0.737134 0.484579
Gill Net Selectivity Parameters for Double Logistic Function
 0 0 0 0
Gill Net Gamma Selectivity Parameters (Shape, Scale, Location)
3.80498 0.930899 0
Observed Total Offshore Gill Net Catch By Year
 166.25 43.625 47.5 16.4286 6.45 63.45 61.65 54.5 22.95 16.5499 29.1999 58.4 41.5 34.4 17.9 24.3 25.8999 35.3001 18.55 12.3499 15.7 12.45 14.4199 29.7501 69.2 42.3501 50.2499
Predicted Total Offshore Gill Net Catch By Year
 96.4338 54.9066 35.2072 22.2971 17.7843 46.6831 61.8581 54.7633 38.9468 37.2016 48.1714 46.1781 33.299 19.1691 13.244 21.0061 29.4819 27.6232 13.2372 9.78153 13.8691 16.657 18.9193 23.8693 41.9711 42.83 61.1856
Total Offshore Gill Net Catch By Year Log Residuals
 0.544636 -0.230003 0.299478 -0.305434 -1.01423 0.30687 -0.00336943 -0.00482039 -0.528879 -0.809972 -0.500601 0.234809 0.220167 0.584758 0.301252 0.145664 -0.129539 0.245231 0.337436 0.233152 0.123996 -0.291109 -0.271576 0.220237 0.50002 -0.0112691 -0.196904
Observed Offshore Gill Net by Year and Age
 0.125 75.75 53.125 15.5 13 8.75
 0.375 3.75 28.375 9 1 1.125
 4 2.5 3 31.75 4.5 1.75
 0.1429 3.7143 1 1.2857 8.5714 1.7143
 0.65 1.1 0.45 0.3 0.6 3.35
 51.75 6.9 0.8 0.25 0.45 3.3
 2.1 50.9 4.5 1.25 0.35 2.55
 0.6206 20.3253 31.202 1.3655 0.1823 0.8043
 5.555 1.8311 6.0733 8.8042 0.05 0.6364
 3.2699 4.6151 0.05 2.7412 5.7985 0.0752
 6.8517 13.0935 5.3021 0.3214 1.9297 1.7015
 0.05 40.2536 11.6824 2.8014 0.05 3.5626
 4.3119 4.1529 22.4589 6.0657 1.9982 2.5124
 8.5529 5.8085 2.7249 14.78 1.7567 0.777
 4.5003 5.638 1.0185 0.4214 5.1919 1.1299
 16.2812 1.6049 1.714 0.5223 2.4981 1.6795
 5.2554 14.3883 1.6764 0.6545 0.0676 3.8577
 0.4916 24.5969 4.9085 2.1071 1.2765 1.9195
 4.0099 2.1361 9.3348 1.9492 0.3863 0.7337
 3.6332 3.973 1.7642 1.4406 1.0008 0.5381
 9.4956 3.7643 0.7569 0.1312 0.8484 0.7036
 4.3045 6.148 1.1141 0.0667 0.0813 0.7354
 0.2727 8.5553 3.3782 1.3919 0.3604 0.4614
 17.2895 7.1455 2.9878 1.413 0.4929 0.4214
 27.431 31.1349 7.8372 2.0032 0.3901 0.4036
 7.191 17.5224 15.6096 1.1363 0.6245 0.2663
 17.1261 10.4474 17.3735 3.8373 0.9377 0.5279
Predicted Offshore Gill Net by Year and Age
 3.82735 54.5957 19.1814 8.93597 6.01474 3.87867
 1.75485 4.97584 36.6421 7.08976 2.09859 2.34541
 2.68413 2.30312 3.84911 20.8483 3.29083 2.23174
 2.28731 3.52331 1.78597 2.2064 9.79154 2.70259
 4.30234 3.00209 2.72756 1.01851 1.02786 5.7059
 32.5991 5.65167 2.35421 1.6176 0.50475 3.95577
 10.7919 42.71 4.25954 1.23762 0.662666 2.19636
 1.95331 14.1829 33.7182 2.57817 0.633407 1.69737
 8.33265 2.55313 10.3189 15.9251 0.891766 0.925292
 12.0717 10.9109 1.90781 5.28517 6.26081 0.765269
 17.6631 15.8328 8.35677 1.05322 2.33903 2.92651
 2.22829 23.2028 12.4165 4.95679 0.52208 2.85166
 2.13412 2.92136 17.6632 6.7288 2.13041 1.72108
 2.7974 2.78695 2.09682 8.00546 2.18075 1.3017
 2.66419 3.65554 2.02022 0.979302 2.72049 1.2043
 10.5715 3.50462 2.92704 1.27645 0.536386 2.19008
 8.21002 13.9177 2.84076 1.91947 0.741429 1.85258
 1.17171 10.8008 11.1577 1.80159 1.05754 1.6338
 2.36551 1.50796 6.22738 2.59971 0.204137 0.33253
 2.7065 3.07422 1.00658 2.26398 0.594789 0.135468
 5.44209 3.56279 2.48784 0.656837 1.30483 0.41473
 5.48343 7.08872 2.4611 1.00368 0.177132 0.442916
 3.29301 7.22066 5.76489 1.63015 0.592279 0.41835
 14.1058 4.22987 4.04434 1.23006 0.160745 0.0985615
 16.4587 18.5698 3.42644 2.64705 0.712308 0.156726
 8.6414 21.2729 11.4172 0.970391 0.408217 0.119951
 24.1142 11.3782 17.2794 7.53489 0.569349 0.309578
Offshore Gill Net Log Residuals by Year and Age
 -3.42162 0.327483 1.01871 0.550755 0.770737 0.813563
 -1.54321 -0.282839 -0.25569 0.238573 -0.741268 -0.734679
 0.398938 0.0820267 -0.249229 0.42062 0.312938 -0.243166
 -2.77299 0.0527883 -0.579962 -0.540057 -0.133088 -0.455205
 -1.88994 -1.004 -1.80191 -1.22231 -0.538307 -0.532541
 0.462139 0.199571 -1.07935 -1.86724 -0.114816 -0.181253
 -1.63686 0.17543 0.0549156 0.00995252 -0.638338 0.149291
 -1.14659 0.359832 -0.0775564 -0.63556 -1.24546 -0.746863
 -0.405483 -0.332405 -0.530076 -0.592664 -2.88118 -0.374282
 -1.3061 -0.860424 -3.64169 -0.65651 -0.0767099 -2.32008
 -0.94698 -0.189969 -0.454969 -1.18692 -0.192372 -0.542299
 -3.79697 0.550927 -0.0609466 -0.570639 -2.3458 0.222591
 0.703324 0.351759 0.240203 -0.103746 -0.064068 0.378284
 1.11758 0.734374 0.262008 0.613152 -0.21623 -0.515986
 0.524242 0.433286 -0.684877 -0.843258 0.646288 -0.0637716
 0.431848 -0.781022 -0.53516 -0.893596 1.53843 -0.265443
 -0.4461 0.0332554 -0.527422 -1.07593 -2.39497 0.73349
 -0.86855 0.823001 -0.821165 0.156641 0.188176 0.161153
 0.527771 0.348222 0.404793 -0.28798 0.637825 0.791369
 0.294459 0.256469 0.561141 -0.452064 0.520349 1.37931
 0.556665 0.0550179 -1.18994 -1.61071 -0.430473 0.528583
 -0.242069 -0.142378 -0.792562 -2.71123 -0.77875 0.507035
 -2.49118 0.169604 -0.534443 -0.158003 -0.496762 0.0979459
 0.203515 0.524312 -0.302781 0.138652 1.12049 1.4529
 0.51082 0.51679 0.827359 -0.2787 -0.602107 0.945928
 -0.183735 -0.193953 0.312765 0.157833 0.425153 0.797541
 -0.342196 -0.0853488 0.00542995 -0.674776 0.498936 0.533695
Observed Offshore Gill Net Proportion by Age
 0.00075188 0.455639 0.319549 0.0932331 0.0781955 0.0526316
 0.00859599 0.0859599 0.65043 0.206304 0.0229226 0.025788
 0.0842105 0.0526316 0.0631579 0.668421 0.0947368 0.0368421
 0.00869825 0.226087 0.0608695 0.0782599 0.521736 0.104349
 0.100775 0.170543 0.0697674 0.0465116 0.0930233 0.51938
 0.815603 0.108747 0.0126084 0.00394011 0.0070922 0.0520095
 0.0340633 0.825629 0.0729927 0.0202758 0.00567721 0.0413625
 0.0113872 0.372941 0.572514 0.025055 0.00334495 0.0147578
 0.242048 0.0797865 0.264632 0.383625 0.00217865 0.0277298
 0.197578 0.27886 0.00302117 0.165632 0.350365 0.00454383
 0.234648 0.448409 0.181579 0.0110069 0.0660858 0.0582707
 0.000856164 0.689274 0.200041 0.0479692 0.000856164 0.0610034
 0.103901 0.10007 0.541178 0.146161 0.0481494 0.0605398
 0.248631 0.168852 0.0792122 0.429651 0.0510669 0.0225872
 0.251413 0.314972 0.0568994 0.0235419 0.29005 0.0631229
 0.670008 0.0660453 0.070535 0.0214938 0.102802 0.0691152
 0.202912 0.555535 0.0647261 0.0252704 0.00261005 0.148947
 0.0139263 0.696794 0.139051 0.059691 0.0361614 0.0543766
 0.216167 0.115154 0.503224 0.105078 0.0208248 0.0395526
 0.294189 0.321703 0.142851 0.116649 0.0810371 0.0435712
 0.604815 0.239764 0.0482102 0.00835669 0.0540382 0.0448153
 0.345743 0.493815 0.0894859 0.00535743 0.00653012 0.0590683
 0.0189114 0.593298 0.234273 0.0965263 0.0249932 0.0319974
 0.581158 0.240184 0.10043 0.0474956 0.016568 0.0141647
 0.396402 0.449926 0.113254 0.028948 0.00563728 0.00583237
 0.169799 0.413751 0.368585 0.0268311 0.0147461 0.00628806
 0.340819 0.207909 0.345742 0.0763643 0.0186607 0.0105055
Predicted Offshore Gill Net Proportion by Age
 0.0396889 0.566147 0.198907 0.0926643 0.0623717 0.040221
 0.0319606 0.0906238 0.667354 0.129124 0.0382212 0.0427164
 0.076238 0.0654161 0.109327 0.59216 0.0934702 0.0633887
 0.102583 0.158017 0.0800987 0.0989543 0.439139 0.121208
 0.241918 0.168806 0.153369 0.0572701 0.0577962 0.32084
 0.698306 0.121064 0.0504295 0.0346506 0.0108123 0.0847367
 0.174462 0.690451 0.0688599 0.0200074 0.0107127 0.0355065
 0.0356681 0.258985 0.615708 0.0470784 0.0115663 0.0309946
 0.21395 0.0655544 0.264949 0.408892 0.022897 0.0237578
 0.324494 0.29329 0.0512829 0.142068 0.168294 0.0205708
 0.366671 0.328677 0.17348 0.0218641 0.0485564 0.0607519
 0.0482542 0.502462 0.268884 0.107341 0.0113058 0.0617534
 0.0640897 0.0877311 0.530443 0.202072 0.0639783 0.0516858
 0.145933 0.145388 0.109386 0.417623 0.113764 0.0679062
 0.201162 0.276014 0.152538 0.0739428 0.205412 0.0909316
 0.503259 0.166838 0.139342 0.0607657 0.0255348 0.104259
 0.278476 0.472075 0.0963558 0.0651066 0.0251486 0.0628379
 0.0424175 0.391005 0.403927 0.0652204 0.0382845 0.0591462
 0.178701 0.113918 0.470444 0.196394 0.0154214 0.0251208
 0.276695 0.314289 0.102906 0.231454 0.0608073 0.0138493
 0.392389 0.256887 0.17938 0.0473596 0.0940815 0.0299031
 0.329197 0.425571 0.147752 0.060256 0.0106341 0.0265904
 0.174055 0.381655 0.304709 0.0861632 0.0313054 0.0221123
 0.590958 0.177209 0.169437 0.051533 0.00673437 0.00412921
 0.392144 0.442444 0.0816382 0.0630685 0.0169714 0.00373413
 0.20176 0.496681 0.26657 0.0226568 0.00953108 0.00280063
 0.394115 0.185962 0.28241 0.123148 0.00930528 0.00505966
Offshore Gill Net Catchability Parameter q
2.83074e-05
Offshore Gill Net Selectivities
 0.562056 0.999381 1.10234 1 0.815011 0.620729
Offshore Gill Net Selectivity Parameters for Double Logistic Function
 0 0 0 0
Offshore Gill Net Gamma Selectivity Parameters (Shape, Scale, Location)
2.65975 0.574915 0
TrawlYOYLogLike
-48.6947
TrawlOnePlusLogLike
-2.47767
Observed Trawl for YOY
 15493 1 3625 3653 5086 123 4683 2610 2381 7104 639 4941 3369 3831 725 1760 388 41 4962 1983 2291 8471 3542 8436 2150 8915 17413 935 165 845 99.99 99.99 99.99 99.99 99.99 99.99 99.99 99.99 99.99 99.99
Predicted Trawl for YOY
 1741.16 261.779 763.579 2288.95 1749.31 1218.06 2321.13 1644.39 3707.69 5167.48 3968.33 5111.32 11408 1050.49 481.653 736.713 627.797 1180.86 8947.48 2962.05 536.124 2287.06 3313.32 4847.99 611.598 585.752 767.803 731.241 2901.56 2253.41 321.598 649.262 742.852 1493.69 1505.04 903.832 3871.61 4517.42 2371.81 6618.62
Trawl YOY Residuals
 2.18584 -5.5675 1.55759 0.467455 1.06727 -2.29283 0.701883 0.461983 -0.442889 0.318272 -1.8262 -0.0338902 -1.2197 1.29387 0.408948 0.870871 -0.481212 -3.36043 -0.589563 -0.401271 1.45238 1.30938 0.0667409 0.553945 1.25715 2.72259 3.12144 0.245803 -2.86706 -0.980861 -1.16823 -1.87077 -2.00543 -2.70394 -2.7115 -2.20157 -3.65636 -3.81063 -3.16634 -4.19257
Trawl YOY Catchability Parameter q
0.00436691
Observed Trawl for Age 1+
 239 360 464 2361 151 566 1488 1633 175 366 25 55 203 4228 19 1776 5946 445 423 60 1339 508 105 276 5 4 99.99 99.99 99.99 99.99 99.99 99.99 99.99 99.99 99.99 99.99 99.99
Predicted Trawl for Age 1+
 157.466 175.85 170.411 208.306 206.197 291.028 407.185 444.32 514.523 805.192 605.818 327.299 233.316 166.022 146.996 444.489 426.506 324.67 270.341 288.713 379.291 290.571 208.258 134.1 98.5039 181.819 220.596 171.732 88.1369 71.7907 110.108 125.557 127.518 206.616 327.07 290.843 470.154
Trawl Age 1+ Residuals
 0.417254 0.716472 1.00167 2.42783 -0.311553 0.665173 1.29592 1.30163 -1.07845 -0.788447 -3.1877 -1.78354 -0.139186 3.23736 -2.04597 1.38519 2.63485 0.315264 0.447687 -1.57109 1.26138 0.558634 -0.684815 0.721817 -2.98066 -3.81672 -0.791261 -0.540868 0.126179 0.331315 -0.096391 -0.227693 -0.243189 -0.725791 -1.1851 -1.06771 -1.54799
Trawl Age 1+ Catchability Parameter q
0.000169116
Observed Effort
 1782 1646 1176 1955 2826 2147 2537 1929 1440 1949 2350 2035 2251 1913 1443 1812 1354 957 912 995 2300 2073 1882 1621 1938 1923 1696 2142 761 1571 1217 2272 2059 2069 3023 2121 1682 1211 290
Semi-Observed F (Observed Effort * Catchability q)
 0.27205 0.251287 0.179535 0.298461 0.431433 0.327773 0.387312 0.294492 0.219838 0.297545 0.358764 0.310674 0.34365 0.292049 0.220296 0.27663 0.206709 0.146101 0.139231 0.151902 0.351131 0.316476 0.287316 0.247471 0.295866 0.293576 0.258921 0.32701 0.116178 0.239838 0.185794 0.346856 0.314338 0.315865 0.461508 0.323804 0.256783 0.184878 0.044273
Estimated Fishing Mortalities by Year
 0.811176 0.26991 0.158767 0.275531 0.213032 0.184443 0.241965 0.0983461 0.139919 0.151699 0.131039 0.145788 0.223395 1.0422 0.290233 0.277255 0.286222 0.217957 0.428101 0.182423 0.614858 0.473529 0.342832 0.217693 0.375143 0.686707 0.634371 0.107539 0.0427203 0.101045 1.84661 1.07104 0.0513226 0.889582 0.0252772 2 0.0460858 1.50641 0.0316237
F Log Residuals
 -1.0925 -0.0714923 0.122932 0.079938 0.705669 0.574983 0.47044 1.09676 0.451827 0.673669 1.00717 0.756594 0.430683 -1.27217 -0.275711 -0.00225637 -0.325456 -0.399999 -1.12322 -0.183091 -0.560234 -0.402968 -0.176655 0.128206 -0.237401 -0.849772 -0.896112 1.11214 1.00045 0.864396 -2.29647 -1.12748 1.81234 -1.03544 2.9046 -1.82077 1.71773 -2.09779 0.336467
PosfunPenalty (used to constrain abundances to be positive)
0
FPosfunPenalty (used to prevent logs of negative numbers in calculating F
0
Total Kill Log Likelihood
-339.956
Kill Age Composition Log Likelihood
-2926.86
Total Gill Net Catch Log Likelihood
-378.597
Gill Net Age Composition Log Likelihood
-9988.09
Total Offshore Gill Net Catch Log Likelihood
-92.349
Offshore Gill Net Age Composition Log Likelihood
-6281.17
Trawl YOY Catch Log Likelihood
-48.6947
Trawl Age 1+ Catch Log Likelihood
-2.47767
F Log Likelihood
-5.54589
Total Log Likelihood
-20063.7
Number of Parameters
95
